                Tageswerte der Station 10852 Augsburg                                               
 STAT JJJJMMDD QN     TG     TN     TM     TX    RFM     FM     FX     SO     NM     RR     PM
----- -------- -- ------ ------ ------ ------ ------ ------ ------ ------ ------ ------ ------
10852 20210930  1    2.0    4.4    9.7   14.8   75.2    2.0    5.6    9.4    5.3    0.0  971.9
10852 20210929  1    9.6   10.0   13.7   18.6   79.9    3.0   14.9    5.3    6.5    5.4  966.0
10852 20210928  1    9.2   10.6   13.9   17.1   83.8    2.0    8.2    2.6    7.3    0.8  966.7
10852 20210927  1   10.3   12.6   16.3   21.2   86.2    2.0    6.9    5.0    6.2    0.0  964.2
10852 20210926  1   12.7   14.1   18.5   23.7   77.7    2.0    7.6    5.4    7.2   10.2  963.2
10852 20210925  1    2.0    6.0   15.1   24.7   77.7    1.0    3.8   10.5    2.8    0.0  963.1
10852 20210924  1    3.6    7.2   13.9   21.0   77.5    2.0    7.4   11.0    0.1    0.0  963.7
10852 20210923  1   -0.1    1.5   12.0   20.4   78.0    2.0    6.6   11.0    2.5    0.0  965.7
10852 20210922  1    1.1    2.5    9.3   16.7   82.9    1.0    5.3    7.3    5.6    0.0  972.2
10852 20210921  1    1.9    4.5   10.8   15.3   80.2    2.0    5.0    0.6    7.8    0.0  971.2
10852 20210920  1    6.4    8.6   11.7   14.3   83.1    2.0    5.3    0.0    7.7    0.0  964.0
10852 20210919  1    4.1    7.3   12.6   19.0   83.5    2.0    6.0    5.7    3.7    0.0  958.9
10852 20210918  1    3.6    5.4   12.8   20.7   77.6    1.0    6.3   11.1    1.3    0.0  960.9
10852 20210917  1    4.6    6.4   12.1   18.6   85.5    1.0    4.1    2.4    4.8    0.0  961.7
10852 20210916  1    6.3    9.0   16.2   21.0   90.4    2.0    8.5    0.8    7.5    4.0  961.0
10852 20210915  1   11.4   13.3   18.0   22.1   87.9    2.0    8.6    0.6    7.8    4.0  960.2
10852 20210914  1    8.6   10.4   18.6   28.0   77.3    1.0    5.2   11.1    6.0    0.0  961.4
10852 20210913  1    7.3    8.7   16.4   24.7   78.9    1.0    4.9   10.5    5.7    0.0  962.8
10852 20210912  1    8.8   10.9   16.5   23.9   83.5    1.0    5.2    5.8    5.8    0.0  963.3
10852 20210911  1    9.6   11.1   16.6   21.4   86.7    2.0    8.2    3.0    5.3    6.3  964.0
10852 20210910  1    9.8   12.2   18.2   25.9   74.9    2.0    4.7    9.2    4.3    0.8  961.7
10852 20210909  1    7.0    9.8   17.6   25.3   76.5    2.0   10.3   10.0    1.3    0.0  960.2
10852 20210908  1    3.7    7.3   16.0   24.3   77.9    2.0    6.7   11.9    3.9    0.0  962.6
10852 20210907  1    4.6    6.9   14.9   23.4   77.9    1.0    7.6    5.8    7.5    0.0  968.0
10852 20210906  1    4.2    6.7   15.0   23.8   74.5    2.0    6.9   11.9    1.8    0.0  968.4
10852 20210905  1    4.8    7.0   15.2   23.5   74.7    2.0    7.8   12.0    0.0    0.0  965.3
10852 20210904  1    3.9    6.3   14.8   23.2   77.1    2.0    9.1   12.1    0.1    0.0  962.5
10852 20210903  1    3.4    6.4   14.7   23.1   77.2    2.0    7.1   12.2    0.0    0.0  964.9
10852 20210902  1    3.3    5.0   13.9   21.5   77.5    2.0   10.3   12.2    0.0    0.0  969.3
10852 20210901  1    5.1    7.4   13.0   19.2   83.0    2.0    6.7    8.2    2.8    0.0  970.3
10852 20210831  1    8.2   11.0   14.3   18.4   85.8    2.0    6.6    1.8    7.3    1.6  966.1
10852 20210830  1   12.0   12.1   14.0   16.7   89.0    3.0    9.2    1.5    7.2    7.9  960.1
10852 20210829  1    8.9    9.5   12.8   16.1   87.5    2.0    8.2    0.6    7.6   10.0  960.9
10852 20210828  1    7.7    9.5   12.3   16.6   86.6    2.0    7.7    1.0    7.3    6.6  961.5
10852 20210827  1   10.6   10.8   13.3   17.1   79.2    2.0    9.2    4.1    6.9    4.7  960.1
10852 20210826  1    7.0    9.5   12.6   15.6   86.3    2.0    8.2    2.1    6.0    9.9  958.5
10852 20210825  1    7.1    9.5   14.2   19.3   74.7    2.0    9.8   12.5    2.2    0.0  964.5
10852 20210824  1   10.0   11.3   14.1   18.8   83.4    2.0    8.3    1.5    6.3    0.0  967.8
10852 20210823  1   10.6   12.4   15.2   19.9   84.0    2.0    9.4    3.0    7.0    5.0  964.0
10852 20210822  1   11.8   13.2   17.3   21.8   86.1    2.0    9.7    0.3    7.5    2.4  963.8
10852 20210821  1    8.3    9.9   19.0   27.1   75.5    1.0    6.7   12.2    2.8    0.3  963.6
10852 20210820  1   10.4   11.9   17.6   23.8   78.1    2.0    5.5    7.1    4.4    0.0  962.8
10852 20210819  1   12.3   13.3   16.9   22.1   79.5    2.0    6.4    2.5    7.1    0.0  961.9
10852 20210818  1   10.2   11.2   14.9   19.7   80.8    2.0    9.0    1.2    7.3    0.0  963.3
10852 20210817  1    8.5    9.6   13.2   17.9   76.0    2.0   10.0    6.7    5.5    2.3  964.6
10852 20210816  1   12.0   11.8   18.0   21.2   84.8    3.0   12.6    0.5    7.2    7.2  959.3
10852 20210815  1   13.6   15.2   20.9   29.8   81.5    2.0   25.1    8.3    3.5   15.6  960.8
10852 20210814  1   16.7   18.0   22.9   29.0   76.0    1.0    5.0   11.9    2.4    0.0  966.2
10852 20210813  1   13.2   14.9   22.4   29.5   76.0    2.0   10.7   10.7    5.0    1.7  967.1
10852 20210812  1    9.9   12.1   21.0   29.6   72.6    1.0    5.4   13.0    4.2    0.0  965.6
10852 20210811  1    9.8   11.8   20.0   27.6   71.6    2.0    6.3   11.0    3.8    0.0  965.1
10852 20210810  1    8.2   10.7   18.1   26.0   74.6    2.0    8.7    8.7    4.8    0.0  963.9
10852 20210809  1    8.1   10.1   16.7   24.0   72.4    1.0    6.0    9.0    6.1    0.0  964.8
10852 20210808  1    8.9   10.6   15.5   19.9   81.2    2.0    8.0    1.6    7.0    0.6  960.3
10852 20210807  1    8.9   10.7   16.0   22.9   83.3    2.0   10.1    1.5    7.6    7.8  953.9
10852 20210806  1   10.5   11.8   17.0   22.7   77.4    3.0   14.2    5.3    7.1    1.4  954.6
10852 20210805  1   13.2   13.3   16.2   22.1   81.4    2.0   11.6    3.3    7.6    0.3  956.0
10852 20210804  1   12.4   12.9   15.1   18.1   84.3    2.0    5.3    0.1    7.7    3.6  959.4
10852 20210803  1    7.2    9.4   15.2   21.6   80.4    2.0   16.0    4.8    6.2    3.3  960.4
10852 20210802  1    9.6   11.1   15.5   21.4   79.5    2.0   13.1    6.0    5.2    0.4  960.6
10852 20210801  1   12.2   12.9   15.0   18.3   84.8    3.0   10.0    0.5    7.6    0.8  956.4
10852 20210731  1   14.2   14.8   19.2   23.2   70.8    2.0    7.2    5.8    6.9   19.3  956.9
10852 20210730  1    9.0   10.5   19.3   27.7   74.3    2.0   20.0   11.7    3.2    3.5  957.2
10852 20210729  1    9.9   11.8   18.8   24.8   73.7    2.0   10.8   10.1    3.4    0.0  960.3
10852 20210728  1   12.2   13.6   18.0   20.8   87.0    2.0    7.7    3.0    5.8    5.3  960.6
10852 20210727  1   11.2   12.7   20.0   26.9   75.0    1.0    5.1   10.8    5.0    0.9  960.3
10852 20210726  1   11.9   13.7   18.3   25.0   83.5    2.0   11.4    4.7    7.2    6.5  959.0
10852 20210725  1   13.2   14.3   17.4   21.2   89.3    2.0    7.5    2.1    7.0    0.9  957.1
10852 20210724  3   10.7   12.7   18.6   24.1   78.8    2.0   14.7    2.3    6.9   14.1  957.2
10852 20210723  3   11.1   12.4   20.4   27.8   69.1    1.0    5.4   13.3    1.1    0.0  960.8
10852 20210722  3    8.3   10.2   18.9   26.4   72.2    1.0    7.2   13.0    1.2    0.4  964.9
10852 20210721  3    7.9    9.3   17.4   24.6   72.5    1.0    6.0   13.9    0.2    0.0  966.2
10852 20210720  3    9.4   11.0   17.7   23.5   73.2    2.0    7.0   13.7    2.6    0.0  963.9
10852 20210719  3    9.8   11.6   18.9   26.1   77.4    2.0    8.4   10.4    6.8    3.8  963.2
10852 20210718  3   11.0   13.1   19.2   24.5   78.3    2.0    9.2    7.5    7.1    0.0  964.2
10852 20210717  3   13.9   15.1   18.1   20.5   91.1    2.0    7.9    0.1    7.7    0.0  965.0
10852 20210716  3   10.2   11.6   17.6   23.3   80.3    1.0    6.3    7.8    7.2    0.3  963.2
10852 20210715  3   11.1   12.6   15.3   19.3   88.1    2.0   12.1    0.5    7.5    9.6  959.0
10852 20210714  3   10.7   12.1   15.3   20.0   81.2    2.0    6.9    1.9    7.1   10.7  957.6
10852 20210713  3   12.6   13.3   16.2   20.5   88.5    3.0   13.6    0.6    7.4    9.5  955.0
10852 20210712  3    7.8    9.9   18.5   25.5   75.4    2.0    9.3   13.6    5.8    0.8  957.1
10852 20210711  3   10.1   12.0   16.0   20.4   84.4    2.0   10.4    5.1    6.8    1.9  962.5
10852 20210710  3    7.4    8.8   17.1   23.8   79.6    2.0   11.3   11.5    6.8   16.8  962.7
10852 20210709  3    9.2   10.7   15.5   20.2   88.8    3.0   13.3    2.8    7.5    4.0  965.2
10852 20210708  3   14.5   14.9   17.0   19.7   91.2    2.0    7.0    0.4    7.6   11.2  964.2
10852 20210707  3   15.9   16.0   17.3   18.6   91.7    1.0    4.7    0.1    7.5    1.2  963.1
10852 20210706  3    9.8   11.7   19.9   29.9   76.8    2.0   12.5   10.3    5.0    8.7  957.4
10852 20210705  3   10.0   11.4   16.9   21.9   78.6    2.0   16.0    4.3    6.7    0.0  958.6
10852 20210704  3   12.9   14.0   17.4   22.7   85.0    2.0   15.2    1.3    7.7   10.1  958.0
10852 20210703  3    5.4    7.9   17.4   24.6   70.5    2.0   10.4   11.9    5.3    1.3  961.6
10852 20210702  3    7.2    9.5   15.6   21.6   72.5    2.0   11.4    9.8    4.7    0.0  963.3
10852 20210701  3   11.0   11.4   13.6   16.9   85.8    3.0   11.3    0.1    7.9    0.5  961.7
10852 20210630  3   11.9   12.2   15.0   18.3   81.1    3.0   12.1    4.4    7.2    6.5  959.4
10852 20210629  3   11.8   12.3   17.6   25.3   82.1    3.0   27.6    6.7    5.8   18.6  958.7
10852 20210628  3   12.3   14.4   21.8   28.8   71.3    2.0   16.0   11.4    5.8    1.5  959.9
10852 20210627  3    9.5   11.3   19.9   26.4   71.9    2.0    7.4   11.9    6.2    0.0  961.1
10852 20210626  3    8.5    9.6   17.3   23.6   79.5    2.0    8.5   10.7    3.6    0.0  963.3
10852 20210625  3    9.7   11.3   15.6   19.5   87.2    3.0   11.0    3.7    6.8   17.6  963.9
10852 20210624  3   10.5   12.5   17.4   23.7   80.2    2.0   10.2    6.3    5.9   28.6  962.7
10852 20210623  3   14.4   14.4   19.6   24.4   81.0    2.0   11.8    6.9    6.2   23.8  961.9
10852 20210622  3   13.7   14.3   19.0   24.3   82.8    2.0    8.8    6.3    5.6   16.9  957.9
10852 20210621  3   13.5   14.8   20.4   27.7   72.2    2.0   17.4   12.2    4.5   14.6  954.7
10852 20210620  3   13.9   15.1   21.9   27.5   72.7    2.0   10.1    3.6    6.2    7.8  956.1
10852 20210619  3   15.0   15.6   23.8   30.4   63.0    2.0    7.0   12.1    5.6    0.0  960.0
10852 20210618  3    9.0   11.4   22.3   31.6   62.0    1.0    5.3   14.1    3.1    0.0  959.8
10852 20210617  3    8.0   10.1   21.3   30.6   59.5    1.0    5.9   14.8    0.5    0.0  960.0
10852 20210616  3    9.2   11.1   20.4   28.8   60.0    2.0    7.5   13.6    7.8    0.0  961.1
10852 20210615  3    6.0    8.2   18.5   26.5   62.1    2.0    5.5   14.3    5.7    0.0  963.8
10852 20210614  3    4.9    7.5   16.9   24.9   62.7    2.0    7.0   14.8    0.1    0.0  966.5
10852 20210613  3    5.9    8.8   16.9   21.5   63.2    2.0    8.1   13.6    1.6    0.0  969.5
10852 20210612  3   10.2   11.9   19.7   25.7   67.9    3.0   12.3   11.1    6.0    0.0  964.7
10852 20210611  3    8.4    9.8   18.2   24.9   70.2    1.0    6.5   14.5    4.0    0.0  964.5
10852 20210610  3    8.9   10.3   17.3   25.0   78.5    2.0   12.0   10.1    5.0    0.0  965.5
10852 20210609  3    8.4   10.0   16.3   22.9   85.3    2.0   11.4    8.1    5.9    9.0  965.5
10852 20210608  3   10.5   12.0   17.6   24.5   79.0    2.0   11.0    8.1    7.3    0.0  965.1
10852 20210607  3   13.3   13.8   18.1   23.1   82.0    2.0    7.2    4.8    7.5    4.0  964.5
10852 20210606  3   13.3   13.5   15.5   18.1   93.0    2.0    8.0    0.0    7.7    6.0  964.9
10852 20210605  3   12.7   13.9   16.8   21.3   82.2    3.0   13.5    2.2    7.0    1.1  965.8
10852 20210604  3   10.6   12.2   17.9   26.4   76.2    2.0   11.8    4.6    7.7   16.2  966.4
10852 20210603  3    6.3    8.2   18.7   26.9   61.8    1.0    4.9   11.1    4.4    0.0  966.1
10852 20210602  3    0.5    3.7   15.5   24.5   58.2    1.0    6.4   14.6    2.7    0.0  961.8
10852 20210601  3    0.9    4.1   13.9   21.1   58.7    2.0   10.9   14.6    0.4    0.0  962.2
10852 20210531  3    1.7    4.9   11.8   18.2   61.4    2.0    8.2   14.6    0.0    0.0  965.5
10852 20210530  3    0.7    3.9   11.4   17.7   62.6    2.0    8.9   12.7    1.1    0.0  968.3
10852 20210529  3    2.1    5.3   12.0   18.0   66.3    2.0    8.3    8.9    4.5    0.0  967.1
10852 20210528  3    3.4    4.9   11.3   15.8   75.6    2.0    7.3    5.1    6.5    0.0  966.1
10852 20210527  3    6.8    7.4    9.9   14.6   83.3    3.0   10.5    3.2    6.8    1.4  963.9
10852 20210526  3    5.2    7.2   10.0   12.7   77.5    3.0    9.3    0.0    7.2   11.7  961.4
10852 20210525  3    2.3    7.1   10.4   15.5   61.2    4.0   18.3    8.9    4.9    0.0  962.8
10852 20210524  3    3.1    6.0   11.1   16.4   77.1    2.0   11.5    0.3    7.8    2.9  958.8
10852 20210523  3    2.6    5.2    9.9   16.0   76.2    3.0   13.3    7.1    5.2    2.6  961.8
10852 20210522  3    4.0    5.7   11.0   17.0   67.0    3.0   14.7    9.4    5.5    3.4  955.9
10852 20210521  3    5.4    7.0   10.3   15.6   80.4    3.0   16.8    0.9    7.4   10.6  957.5
10852 20210520  3    5.0    6.1   10.0   14.7   76.5    3.0    9.5    5.4    6.3    0.2  965.0
10852 20210519  3    6.0    7.2    9.5   13.7   78.0    2.0   10.5    4.1    6.7    0.3  961.8
10852 20210518  3    3.4    5.4    9.5   13.8   78.8    3.0   13.5    4.4    7.2    3.6  959.3
10852 20210517  3    5.9    7.6   10.0   14.0   77.8    4.0   15.9    3.7    6.5    3.6  953.7
10852 20210516  3    4.4    6.1   10.8   16.0   72.7    3.0   15.4    4.5    6.3    0.2  951.0
10852 20210515  3    5.8    7.3   11.1   16.6   70.2    3.0   12.1    3.3    7.5    1.2  953.4
10852 20210514  3    1.3    3.9   11.2   16.7   70.8    2.0   12.3   10.7    3.8    0.5  953.9
10852 20210513  3    4.5    6.2    9.8   14.8   87.5    2.0   10.1    0.9    7.8    8.2  953.1
10852 20210512  3    7.8    8.4   10.0   11.1   91.9    3.0    8.8    0.0    7.5    7.3  956.0
10852 20210511  3    6.1    8.7   12.7   16.3   85.0    2.0   11.0    1.3    7.5   21.7  952.8
10852 20210510  3    4.8    8.5   17.4   27.0   63.0    2.0   11.3    7.6    7.3    0.0  953.4
10852 20210509  3    2.3    5.5   16.8   26.1   57.2    2.0    9.8   13.4    5.0    0.0  955.8
10852 20210508  3   -4.7   -1.8    9.2   18.0   65.7    2.0    7.2   11.4    5.3    0.0  962.3
10852 20210507  3   -3.9   -1.4    6.6   10.9   77.3    3.0   13.2    3.5    5.4    5.1  958.3
10852 20210506  3    3.0    4.3    7.5   10.2   78.6    3.0   11.7    0.7    7.4   16.5  954.2
10852 20210505  3    0.3    2.7    7.0   11.7   74.2    3.0   19.5    4.1    6.3    1.8  953.6
10852 20210504  3   -2.1    1.0   10.3   16.8   62.5    4.0   21.7    2.8    6.7    9.5  954.3
10852 20210503  3   -2.3    0.9    7.0   12.8   71.0    3.0    9.5    7.3    5.3    0.0  964.6
10852 20210502  3    2.7    4.6    6.4   10.3   83.7    3.0   11.4    2.2    7.1    2.5  960.0
10852 20210501  3    5.1    5.4    7.5   10.6   89.8    2.0    8.8    0.0    7.4   25.4  954.9
10852 20210430  3    4.6    5.8    9.0   17.2   78.5    3.0   13.9    5.6    6.8    3.2  955.5
10852 20210429  3    3.8    6.6   11.1   13.2   75.2    2.0   10.0    0.0    7.8    0.6  952.0
10852 20210428  3   -3.9    0.5   11.5   19.5   57.0    2.0    7.5    9.1    6.1    0.0  949.5
10852 20210427  3   -3.9    0.1    8.5   16.2   52.0    3.0   10.7   12.9    3.8    0.0  952.2
10852 20210426  3   -2.8    0.8    7.6   14.3   52.8    3.0   11.0   13.1    0.5    0.0  959.6
10852 20210425  3   -2.3    0.7    8.1   14.6   55.6    2.0   11.6   13.0    2.0    0.0  964.5
10852 20210424  3   -6.3   -1.9    8.3   17.4   56.1    1.0    6.2   13.0    5.0    0.0  966.3
10852 20210423  3   -6.7   -3.1    6.5   14.8   58.5    1.0    7.0   13.0    0.0    0.0  969.2
10852 20210422  3   -4.8   -1.7    7.7   13.6   67.8    2.0   10.6    9.0    5.1    0.0  964.5
10852 20210421  3   -4.6   -1.8    8.7   16.5   69.8    2.0   14.1   10.4    2.9    1.2  960.1
10852 20210420  3   -2.6    0.4    7.6   14.1   79.0    1.0    7.9    4.6    4.4    0.0  960.9
10852 20210419  3   -2.6    0.2    6.0   11.6   79.3    2.0    9.1    2.4    7.7    0.8  962.5
10852 20210418  3   -4.2   -0.7    3.5    7.0   82.0    1.0    4.5    0.2    7.2    0.0  963.4
10852 20210417  3   -6.7   -3.5    3.0    7.3   76.3    2.0    7.7    0.5    7.1    0.0  964.6
10852 20210416  3   -9.3   -5.3    0.6    5.9   75.6    2.0    7.1    4.5    3.5    0.0  966.8
10852 20210415  3   -7.6   -4.3    1.5    6.9   68.2    2.0   10.1    6.9    4.3    0.0  968.5
10852 20210414  3   -9.0   -5.6    0.8    6.4   72.0    2.0    9.1    3.6    5.0    0.0  970.2
10852 20210413  3   -7.0   -3.9    1.8    6.4   74.5    2.0   10.5    5.2    6.7    0.0  971.7
10852 20210412  3   -0.4    0.7    2.7    9.2   87.0    3.0   10.7    0.0    6.9    2.8  967.4
10852 20210411  3    2.1    5.7   12.7   19.5   58.3    2.0   12.2    8.5    6.8    0.9  955.3
10852 20210410  3   -1.5    3.4   11.1   17.4   54.5    2.0   10.1    7.7    7.3    0.0  958.5
10852 20210409  3   -7.9   -3.6    6.7   15.9   53.0    2.0   11.3    7.9    7.0    0.0  961.8
10852 20210408  3   -6.9   -3.1    1.7    6.8   72.2    2.0    9.7    3.8    5.0    0.1  967.6
10852 20210407  3   -3.0   -2.3   -0.1    3.2   77.1    4.0   15.8    1.9    6.9    1.6  960.8
10852 20210406  3   -7.6   -4.9   -0.6    3.8   73.0    3.0   14.3    2.6    4.9    0.8  956.0
10852 20210405  3   -6.5   -2.3    4.3   13.9   67.3    4.0   20.2    4.3    5.7    1.7  954.1
10852 20210404  3   -8.3   -4.9    3.5   11.5   64.7    1.0    6.4   11.6    0.2    0.0  964.7
10852 20210403  3   -5.9   -2.5    4.2    7.9   65.3    2.0    9.8    1.7    6.4    0.0  965.9
10852 20210402  3   -2.9    0.8    7.5   13.0   74.0    2.0   10.1    7.0    3.2    0.0  962.5
10852 20210401  3    0.1    5.4   13.5   22.6   61.0    2.0   12.3    9.2    4.5    0.0  963.2
10852 20210331  3   -3.6    0.3   10.6   21.8   64.6    1.0    4.6   11.7    1.4    0.0  968.6
10852 20210330  3   -3.6    0.7   10.8   21.0   56.4    2.0    6.9   11.5    1.8    0.0  975.0
10852 20210329  3   -3.9    0.8    9.5   19.0   57.4    2.0    8.0   10.7    6.5    0.0  976.2
10852 20210328  3   -2.9    0.5    7.2   14.2   61.2    2.0    8.0   10.3    6.9    0.0  974.3
10852 20210327  3   -0.1    3.3    7.6   10.9   62.5    4.0   16.6    2.6    7.1    1.1  967.8
10852 20210326  3   -2.7    0.5    9.3   17.3   61.6    2.0   11.1   10.2    3.5    1.3  964.2
10852 20210325  3   -4.5   -0.4    7.9   16.6   61.1    2.0    6.8   10.0    6.3    0.0  965.4
10852 20210324  3   -8.0   -4.5    3.9   13.4   73.3    2.0    5.4   11.5    0.0    0.0  968.2
10852 20210323  3   -5.4   -2.3    2.1    6.0   81.8    1.0    3.8    0.1    5.7    0.2  969.1
10852 20210322  3   -4.4   -1.5    1.8    3.9   78.3    2.0    7.8    0.0    7.9    0.0  964.9
10852 20210321  3   -2.3   -1.5    0.8    2.9   71.2    3.0    9.9    0.0    7.8    0.1  963.7
10852 20210320  3   -7.0   -4.3   -1.9    1.2   72.4    2.0    7.6    6.1    6.3    0.0  968.0
10852 20210319  3   -8.5   -4.6   -0.3    4.6   89.3    2.0    9.5    1.9    7.0    0.9  961.9
10852 20210318  3   -7.9   -3.6    0.5    5.4   80.7    2.0   12.0    4.0    7.1    0.5  964.4
10852 20210317  3   -4.8   -1.5    1.6    4.5   81.8    2.0    9.7    1.4    7.3    0.8  964.6
10852 20210316  3   -2.7    0.3    2.5    4.9   81.0    3.0   11.0    0.6    7.4    1.7  964.1
10852 20210315  3    0.2    1.4    2.9    5.3   86.8    3.0   11.8    1.5    6.8    3.3  956.7
10852 20210314  3   -0.4    0.7    3.3    6.2   79.2    3.0   14.3    1.5    7.3    0.5  955.1
10852 20210313  3    2.7    3.7    7.0   11.3   65.1    5.0   22.2    0.9    7.1    2.3  951.5
10852 20210312  3    1.2    3.7    6.2   10.2   63.6    4.0   14.1    6.4    5.5    0.0  956.6
10852 20210311  3   -0.2    1.0    8.1   14.9   71.2    4.0   20.8    1.6    7.6    8.4  953.5
10852 20210310  3   -3.4   -0.8    3.0    7.8   79.1    2.0    6.9    0.9    7.2    0.0  962.6
10852 20210309  3   -9.5   -6.4    0.7    6.3   76.5    1.0    5.6    4.9    6.1    0.0  961.6
10852 20210308  3  -10.1   -5.5    0.4    6.1   73.3    2.0    6.5    9.9    2.5    0.0  963.5
10852 20210307  3  -10.7   -7.4    0.0    7.9   77.1    2.0    7.3    6.5    4.9    0.0  965.8
10852 20210306  3   -9.5   -5.7   -1.1    4.8   68.3    3.0   10.7   10.3    0.3    0.0  972.8
10852 20210305  3   -6.4   -3.1    2.4    5.8   85.6    3.0    8.7    0.0    6.8    1.6  966.1
10852 20210304  3   -0.1    2.5    7.7   13.6   65.0    2.0    9.8    3.9    7.5    2.7  963.5
10852 20210303  3   -7.5   -3.7    3.3   10.5   78.8    2.0    5.2    0.1    7.8    0.0  973.0
10852 20210302  3   -7.3   -3.9    4.0   13.7   78.1    1.0    3.6   10.0    0.3    0.0  975.1
10852 20210301  3   -8.7   -5.6    3.0   12.5   74.0    2.0   10.4   10.0    0.0    0.0  974.6
10852 20210228  3   -7.7   -4.0    2.2    8.7   76.9    3.0    9.7    9.7    0.0    0.0  976.6
10852 20210227  3   -4.9   -1.7    2.9    8.4   79.3    2.0    7.5    6.1    2.5    0.0  978.4
10852 20210226  3   -3.8    0.9    8.1   15.8   73.0    2.0    9.8    7.8    4.1    0.5  973.3
10852 20210225  3   -4.0   -0.1    7.4   18.9   75.0    2.0    3.7    9.4    0.0    0.0  973.8
10852 20210224  3   -2.8    0.9    7.8   18.5   76.4    1.0    4.6    8.3    0.0    0.0  977.9
10852 20210223  3   -5.1   -1.8    5.2   15.0   85.0    1.0    3.8    8.2    1.8    0.0  977.8
10852 20210222  3   -2.5    0.1    4.3   13.9   90.0    2.0    5.8    5.4    5.4    0.0  968.1
10852 20210221  3   -5.2   -2.7    4.0   12.3   87.3    2.0    6.4    9.5    3.0    0.0  963.5
10852 20210220  3   -3.9   -0.5    6.4   14.8   82.0    1.0    5.8    9.3    5.5    0.0  963.6
10852 20210219  3   -1.6    1.2    6.5    9.9   84.1    2.0    7.0    1.5    7.7    0.7  963.7
10852 20210218  3   -4.8   -2.1    4.1   10.5   78.0    2.0   10.4    6.0    7.7    0.2  961.7
10852 20210217  3   -2.6    1.0    6.1   10.0   80.2    3.0   10.6    4.7    6.1    0.0  964.7
10852 20210216  3   -3.2   -0.5    3.5    9.3   87.6    1.0    6.8    1.2    7.6    1.4  965.3
10852 20210215  3   -9.2  -14.7   -4.0    2.9   74.3    2.0    6.9    2.5    6.7    0.8  974.9
10852 20210214  3   -9.2  -13.7   -6.6   -0.9   67.1    3.0   11.1    9.3    2.3    0.0  980.9
10852 20210213  3   -6.7  -13.6   -8.9   -4.6   68.3    3.0   12.6    9.4    0.0    0.0  977.4
10852 20210212  3   -7.6  -16.6  -10.1   -5.5   77.5    3.0   11.6    9.1    1.3    0.0  971.2
10852 20210211  3   -7.3  -16.3   -9.8   -2.5   76.5    2.0    7.4    9.2    2.3    0.0  967.9
10852 20210210  3   -7.3   -9.2   -4.1   -1.3   89.3    3.0    9.2    0.0    7.4    4.1  948.8
10852 20210209  3   -3.6   -3.0   -1.7   -0.9   90.2    2.0    5.0    0.0    7.6    0.3  945.8
10852 20210208  3   -3.4   -1.6    1.5    5.4   87.8    2.0    8.8    3.1    6.8    3.2  940.8
10852 20210207  3    0.0    0.1    2.3    3.8   93.3    2.0    8.5    0.0    7.7   18.4  942.0
10852 20210206  3    2.6    3.7    5.7    7.0   92.3    2.0    8.8    0.0    6.3    0.0  950.8
10852 20210205  3    2.9    4.0    6.7   10.3   87.6    2.0    8.2    0.2    7.7    0.4  957.2
10852 20210204  3   -0.3    2.6    7.2   10.3   73.4    2.0   19.2    7.4    5.5    0.4  958.7
10852 20210203  3    5.2    7.2    8.8   11.1   86.8    4.0   18.4    0.0    6.5    9.8  949.9
10852 20210202  3    1.1    3.9    7.6   10.0   87.4    3.0   14.2    0.2    7.5    3.8  950.0
10852 20210201  3   -0.3   -0.4    3.5    7.6   91.7    3.0    9.3    0.0    7.9    1.5  941.4
10852 20210131  3   -0.6   -0.7    0.0    0.7   92.0    2.0    6.7    0.0    7.8    0.0  944.9
10852 20210130  3    0.0    0.1    4.7    7.7   84.9    3.0   14.0    0.8    7.7    7.6  944.9
10852 20210129  3    2.8    4.4    7.1   10.3   85.8    4.0   17.8    2.4    7.4    2.6  946.2
10852 20210128  3   -0.2    1.0    4.3    7.9   92.1    4.0   14.5    0.0    7.6   10.3  951.6
10852 20210127  3   -1.0   -7.7   -1.9    1.3   84.0    3.0    8.7    0.1    7.3    0.0  960.3
10852 20210126  3   -0.8   -3.4   -0.7    0.5   81.2    4.0   15.0    0.2    7.4    0.1  960.6
10852 20210125  3   -8.9   -5.5   -2.1    1.1   89.3    2.0    5.9    0.0    7.5    5.7  948.2
10852 20210124  3  -10.4   -5.3   -0.1    1.9   75.0    4.0   15.5    4.2    4.8    0.1  943.7
10852 20210123  3   -3.3   -0.9    1.1    3.0   91.0    3.0   13.6    1.3    7.7    0.8  941.6
10852 20210122  3   -1.5    1.2    5.7   12.0   70.5    2.0   12.3    5.3    6.9    7.4  940.4
10852 20210121  3   -4.6   -4.4    2.4    9.4   72.3    2.0   12.6    4.6    7.0    0.0  947.6
10852 20210120  3   -5.8   -5.5   -0.5    6.8   73.4    2.0   12.8    5.1    7.2    0.0  954.0
10852 20210119  3   -3.7   -5.5   -0.1    4.1   75.5    3.0   13.0    2.3    7.3    0.5  961.9
10852 20210118  3   -0.2   -1.5    0.9    1.7   84.9    3.0    9.2    0.2    7.6    0.0  967.8
10852 20210117  3   -5.2   -4.3   -2.7    0.5   90.9    1.0    6.1    0.0    7.5    4.1  962.2
10852 20210116  3   -7.0   -4.9   -2.7   -0.5   81.2    3.0    8.2    1.3    7.8    1.3  967.5
10852 20210115  3  -12.1   -8.4   -3.4    0.3   86.3    2.0    5.3    2.7    6.9    0.0  964.8
10852 20210114  3   -6.1   -3.9   -0.1    1.9   82.0    3.0   10.5    0.0    7.7    0.0  960.1
10852 20210113  3   -9.0   -4.0    0.0    2.0   84.0    3.0   11.9    4.4    5.4    0.2  959.8
10852 20210112  3   -8.8   -7.3   -1.0    1.5   87.3    4.0   18.7    0.0    7.4    2.4  957.4
10852 20210111  3  -12.6   -8.5   -6.6   -5.2   93.1    1.0    4.9    0.0    7.4    0.0  965.3
10852 20210110  3  -14.3  -10.9   -6.0   -2.5   92.3    2.0    6.4    0.3    4.8    0.0  965.7
10852 20210109  3  -13.5   -8.4   -2.6    1.2   87.6    1.0    5.4    2.1    4.9    0.0  963.7
10852 20210108  3   -5.9   -2.5   -0.6    0.7   85.6    3.0    9.6    0.2    7.6    0.0  958.8
10852 20210107  3   -2.7   -1.3   -0.3    1.0   88.2    2.0    6.3    0.1    7.6    0.0  957.6
10852 20210106  3   -1.6   -1.8   -0.8    0.0   94.3    2.0    6.2    0.0    7.9    3.5  954.9
10852 20210105  3   -1.6   -1.9   -1.0   -0.6   86.0    2.0    5.3    0.0    8.0    0.6  954.8
10852 20210104  3   -1.4   -1.4   -0.7    0.3   85.8    2.0    8.6    0.0    8.0    0.0  955.7
10852 20210103  3   -1.6   -1.7   -0.7    0.6   90.1    1.0    4.0    0.0    7.8    0.0  953.7
10852 20210102  3   -4.2   -2.0   -0.9    0.4   93.2    2.0    7.6    0.0    7.7    0.1  954.2
10852 20210101  3   -5.6   -3.1   -0.3    1.8   90.4    1.0    3.2    0.2    7.4    0.0  951.7
10852 20201231  3   -7.6   -4.4    0.0    4.3   81.3    2.0    6.7    6.5    5.5    0.0  950.8
10852 20201230  3   -6.5   -3.4    0.6    5.2   83.6    2.0    8.3    5.5    4.0    0.0  948.7
10852 20201229  3   -4.4   -1.0    2.5    6.4   73.7    3.0   17.6    4.1    6.0    0.0  937.5
10852 20201228  3   -5.5   -2.6   -0.5    1.8   87.8    2.0    7.5    0.0    6.3    0.8  928.5
10852 20201227  3   -9.0   -6.4   -3.2   -0.2   80.2    2.0    6.4    2.3    7.2    0.0  946.4
10852 20201226  3   -8.6   -5.5   -1.9    1.7   82.0    2.0    7.0    6.7    4.2    0.0  967.5
10852 20201225  3   -1.2   -0.5    1.4    4.4   89.2    3.0   11.2    0.0    7.8    0.3  961.5
10852 20201224  3    3.5    4.3    6.8    9.3   84.2    3.0   14.5    0.8    7.1    4.8  955.7
10852 20201223  3    7.8    8.4   11.1   12.8   78.1    3.0   11.8    0.0    7.8   21.0  960.4
10852 20201222  3    6.2    6.9   10.7   12.9   84.8    4.0   13.5    0.0    7.6    0.7  963.6
10852 20201221  3   -1.9   -0.2    3.2    6.9   93.9    2.0    8.4    0.2    7.5    4.2  967.0
10852 20201220  3   -1.2   -1.6   -1.0   -0.2   97.3    2.0    4.7    0.0    8.0    0.0  966.7
10852 20201219  3   -1.3   -1.6   -1.1   -0.3   98.7    2.0    5.1    0.0    8.0    0.0  966.1
10852 20201218  3   -3.9   -1.6    2.1    6.7   93.4    2.0    4.2    6.3    5.8    0.0  969.0
10852 20201217  3   -2.3   -0.5    2.3    8.5   96.3    2.0    6.7    3.8    5.5    0.0  967.8
10852 20201216  3   -1.1    0.5    2.8    7.0   94.3    2.0    5.1    4.0    6.7    0.0  963.3
10852 20201215  3   -1.7    0.0    2.1    4.3   96.0    1.0    4.6    0.6    7.8    0.0  959.4
10852 20201214  3   -4.0   -1.5    1.9    6.5   91.8    2.0    5.2    6.2    7.0    0.0  958.8
10852 20201213  3   -1.2    1.2    4.0    5.6   94.4    2.0    7.9    0.0    7.4    0.1  956.3
10852 20201212  3   -3.1   -1.0    2.2    4.3   93.0    2.0    7.1    0.0    7.7    1.0  945.0
10852 20201211  3   -5.3   -3.0   -0.2    1.1   90.8    2.0    6.6    0.4    7.7    0.0  945.5
10852 20201210  3   -0.3   -0.4    0.3    0.8   94.4    1.0    4.6    0.0    7.9    0.0  951.1
10852 20201209  3   -0.7    0.1    0.4    0.9   93.8    2.0    6.3    0.0    7.8    7.3  951.8
10852 20201208  3   -1.3   -1.4    0.0    0.9   92.5    2.0    5.7    0.0    7.0    0.0  946.5
10852 20201207  3   -2.5   -0.5    0.8    2.1   93.5    2.0    6.4    1.0    7.2    0.0  945.7
10852 20201206  3   -1.3   -0.9    1.2    3.3   95.8    2.0    5.3    0.0    7.7    0.5  942.7
10852 20201205  3   -7.6   -4.9   -0.1    1.7   93.6    2.0    5.8    0.0    6.6    0.3  942.9
10852 20201204  3   -6.5   -3.8   -2.0    0.1   89.5    2.0    5.4    0.0    7.7    0.0  936.4
10852 20201203  3  -10.1   -4.9   -1.7    1.1   85.9    2.0    6.4    0.7    5.6    0.0  950.2
10852 20201202  3   -5.2   -4.2   -2.1   -0.1   90.2    2.0    7.0    0.0    8.0    0.1  959.1
10852 20201201  3   -6.4   -3.0   -0.3    1.9   94.9    2.0    5.9    0.0    7.0    3.5  960.6
10852 20201130  3  -10.2   -7.1   -3.0   -0.7   88.2    2.0    7.5    1.6    4.8    2.0  968.1
10852 20201129  3   -6.9   -4.5   -0.6    1.7   86.4    2.0    9.4    3.1    6.1    0.0  966.6
10852 20201128  3   -1.6   -2.1   -1.1    0.0   96.9    2.0    8.1    0.0    8.0    0.0  963.9
10852 20201127  3   -1.8   -2.3   -0.9    0.6   98.7    2.0    5.2    0.0    8.0    0.0  965.3
10852 20201126  3   -1.1   -1.6   -0.6    0.8   97.4    2.0    4.4    0.0    8.0    0.0  967.2
10852 20201125  3   -0.3   -0.7    0.6    2.3   98.0    2.0    4.5    0.0    8.0    0.0  965.8
10852 20201124  3    2.3    2.2    4.2    5.0   90.7    2.0    7.0    0.0    8.0    0.0  969.3
10852 20201123  3   -1.8   -0.4    3.6    6.1   93.7    1.0    4.4    0.0    7.8    0.4  972.5
10852 20201122  3   -8.0   -5.5    0.3    7.1   86.3    1.0    4.0    7.1    4.3    0.0  972.2
10852 20201121  3   -8.6   -5.5   -1.3    4.9   87.8    1.0    4.9    6.3    3.3    0.0  977.0
10852 20201120  3   -6.3   -3.5    2.7    5.2   85.0    2.0    8.7    2.7    4.8    0.0  976.1
10852 20201119  3   -2.0    0.7    6.6   12.6   82.0    3.0   12.0    1.0    6.0    1.8  968.2
10852 20201118  3   -3.6   -1.1    4.6   12.8   87.2    1.0    5.1    8.3    3.8    0.0  970.7
10852 20201117  3   -0.7    2.0    7.6   11.2   81.0    2.0    6.9    4.4    7.8    0.0  972.4
10852 20201116  3    1.1    5.1    8.9   11.9   79.8    3.0   11.8    0.5    6.6    0.0  963.7
10852 20201115  3   -2.0    0.8    7.0   14.4   85.7    2.0    6.4    8.1    5.7    1.8  960.5
10852 20201114  3   -1.4    1.8    8.9   15.5   80.7    2.0    4.3    8.0    5.5    0.0  965.3
10852 20201113  3    0.3    4.1    7.7   13.3   85.3    2.0    5.8    0.5    7.3    0.0  966.2
10852 20201112  3    1.5    4.7    8.3   13.4   88.8    2.0    8.1    2.1    7.3    0.1  966.6
10852 20201111  3    4.3    4.0    5.8    7.5   96.5    2.0    4.5    0.0    8.0    0.0  969.7
10852 20201110  3    2.8    2.4    3.7    5.2   99.5    1.0    3.1    0.0    8.0    0.0  971.0
10852 20201109  3    3.3    2.8    4.2    6.5   99.0    2.0    4.1    0.0    8.0    0.0  969.2
10852 20201108  3    2.5    1.8    4.5   10.4   95.9    1.0    3.8    4.0    7.2    0.0  969.0
10852 20201107  3    3.5    3.1    3.9    5.2   98.6    1.0    3.9    0.0    8.0    0.0  971.6
10852 20201106  3   -2.5   -0.2    3.3    5.7   95.8    2.0    5.7    0.1    5.6    0.0  976.2
10852 20201105  3   -1.5    1.4    6.4   10.6   87.7    2.0    6.0    1.1    5.0    0.0  978.6
10852 20201104  3    6.2    6.7    7.3    8.3   89.7    2.0    6.9    0.0    7.8    0.9  973.7
10852 20201103  3    7.4    8.1   11.4   15.6   85.3    2.0   10.6    0.0    7.8    2.3  968.0
10852 20201102  3   12.5   14.2   16.8   20.2   75.3    3.0   10.2    2.8    7.9    0.0  963.2
10852 20201101  3   -0.2    2.8   10.6   14.7   89.8    3.0   11.1    0.0    7.7    4.0  964.3
10852 20201031  3   -0.2    3.3   10.1   15.9   87.4    2.0    5.7    7.9    4.7    0.0  967.9
10852 20201030  3    2.6    6.3   11.0   14.2   84.3    3.0   11.4    0.1    7.4    0.0  968.5
10852 20201029  3    8.0    8.2   10.0   11.2   85.9    3.0   11.7    0.1    7.3    4.8  964.1
10852 20201028  3    0.5    1.9    8.3   13.5   82.3    3.0   11.7    2.1    6.8    1.5  959.7
10852 20201027  3   -1.3    1.2    5.9   10.9   86.3    2.0    8.8    3.1    5.6    0.1  956.9
10852 20201026  3    4.2    4.5    6.8    8.8   95.3    2.0    8.4    0.0    7.5   18.8  951.5
10852 20201025  3   -0.8    1.8    8.7   16.0   87.5    2.0    5.0    9.2    3.7    0.0  955.2
10852 20201024  3    2.8    5.5   11.3   15.0   87.8    2.0    8.7    2.4    4.5    1.4  962.2
10852 20201023  3   10.4   11.4   13.4   16.5   89.8    2.0   10.2    0.2    7.2    4.0  960.4
10852 20201022  3    4.8    8.1   12.5   18.8   79.7    2.0    4.2    4.5    7.1    1.0  962.4
10852 20201021  3    0.3    2.2   10.5   19.2   85.6    2.0    7.7    3.4    6.7    0.0  957.8
10852 20201020  3   -3.9   -1.3    6.3   14.7   86.8    1.0    5.0    5.3    6.5    0.0  961.6
10852 20201019  3   -1.4    2.3    6.6   10.9   82.8    2.0    6.5    2.8    6.2    0.0  966.8
10852 20201018  3    0.4    2.6    6.4   10.7   89.9    2.0    5.5    2.1    6.4    0.0  966.5
10852 20201017  3    4.5    5.2    6.6    8.7   90.8    1.0    3.3    0.0    7.6    0.0  962.8
10852 20201016  3    4.6    5.7    8.0   10.0   92.3    2.0    8.2    0.0    7.7    3.2  960.5
10852 20201015  3    2.3    4.1    7.0    8.7   91.5    1.0    7.5    0.0    7.5    5.7  957.7
10852 20201014  3    1.0    1.9    5.3    8.2   90.4    2.0    7.9    0.0    7.8    0.1  956.7
10852 20201013  3   -0.8    1.5    6.1   10.9   88.0    1.0    4.6    1.8    6.8    0.0  957.8
10852 20201012  3   -2.4   -0.2    5.4    8.9   89.2    2.0    7.4    1.2    7.0    0.0  963.5
10852 20201011  3   -0.8    0.8    5.4   10.2   91.2    1.0    6.4    1.9    6.9    0.0  964.2
10852 20201010  3    2.1    4.9    9.1   11.5   92.1    2.0    8.9    0.0    6.8    4.1  965.4
10852 20201009  3    5.9    8.1   13.0   18.6   81.0    2.0    6.3    6.0    8.0    3.1  965.2
10852 20201008  3    6.2    8.6   12.0   17.2   77.1    3.0   10.7    6.6    6.5    0.0  966.6
10852 20201007  3    4.6    7.3   10.1   12.6   86.8    3.0   15.1    1.2    7.5    4.9  960.1
10852 20201006  3    8.0    9.2   11.4   13.6   78.7    3.0   15.5    1.1    7.5   10.1  954.2
10852 20201005  3    6.5    7.8   11.2   14.5   75.0    3.0   14.2    3.9    7.7    1.3  952.2
10852 20201004  3   -0.3    1.2    9.6   16.2   77.5    2.0   11.6    2.9    6.9    0.2  946.1
10852 20201003  3    0.1    2.7   12.0   19.7   75.1    3.0   16.4    3.5    5.4    3.3  938.5
10852 20201002  3    5.8    8.3   14.1   18.0   77.0    3.0   10.3    1.3    8.0    0.0  940.5
10852 20201001  3    2.7    4.0   11.0   18.9   88.8    1.0    7.1    4.2    7.1    0.0  952.1