	  Tageswerte der Station 10961 Zugspitze  
 STAT JJJJMMDD QN     TG     TN     TM     TX    RFM     FM     FX     SO     NM     RR     PM
----- -------- -- ------ ------ ------ ------ ------ ------ ------ ------ ------ ------ ------
10961 20210630  3      0   -3.2   -1.0    0.5   99.2    3.0   16.2    0.4    7.7    9.3  709.4
10961 20210629  3      0   -0.2    3.5    7.6   98.1    4.0   20.2    5.3    6.8   11.4  712.0
10961 20210628  3      0    5.1    7.8   11.0   82.0    3.0   14.2   11.1    3.8    5.5  716.3
10961 20210627  3      0    3.2    6.0    9.2   74.7    3.0   11.6   10.5    6.7    1.5  715.8
10961 20210626  3      0   -0.4    3.5    8.0   79.3    3.0   12.6    9.6    3.6    0.5  714.9
10961 20210625  3      0   -0.9    0.6    3.4   98.9    2.0   10.0    1.3    7.2    0.0  713.8
10961 20210624  3      0    0.0    3.0    8.3   92.7    4.0   16.6    8.2    4.3   29.3  714.5
10961 20210623  3      0    2.4    4.4    7.5   93.8    4.0   22.5    9.1    5.5    5.5  714.6
10961 20210622  3      0    2.8    5.4   10.2   94.0    3.0    9.4    7.0    5.3    9.0  712.1
10961 20210621  3      0    3.7    7.1   10.6   89.0    4.0   14.0   10.9    5.0    0.0  711.1
10961 20210620  3      0    6.2    8.9   10.1   82.3    4.0   24.6    4.8    7.1    0.2  714.5
10961 20210619  3      0    7.0   10.1   14.7   78.3    3.0   12.3   12.7    6.2    0.0  718.0
10961 20210618  3      0    6.8    8.8   12.3   81.4    2.0    8.3    9.5    4.6    0.1  717.7
10961 20210617  3      0    6.4    8.0   12.2   80.5    3.0   10.6   12.1    1.9    0.0  717.2
10961 20210616  3      0    3.6    6.9   10.0   62.9    3.0    9.5   13.9    5.1    0.0  716.6
10961 20210615  3      0    4.1    6.3    8.7   50.5    3.0   11.3   12.7    3.6    0.0  717.8
10961 20210614  3      0    2.7    5.9    9.5   49.7    3.0    9.1   16.1    0.0    0.0  718.1
10961 20210613  3      0    0.2    2.0    4.0   87.7    3.0   15.2    5.2    6.3    0.0  718.5
10961 20210612  3      0    0.7    2.7    4.4   88.3    3.0   16.5    7.8    6.3    0.7  717.5
10961 20210611  3      0   -0.3    0.9    2.8   97.2    2.0    7.4    1.6    7.3    0.2  715.9
10961 20210610  3      0   -0.7    1.1    3.3   94.5    2.0    7.5    6.3    6.4    7.3  716.2
10961 20210609  3      0   -0.1    1.6    6.9   93.8    2.0    8.5    1.1    7.5    6.1  716.1
10961 20210608  3      0    0.7    1.8    3.8   95.8    3.0    8.3    1.5    7.8    7.9  715.6
10961 20210607  3      0    0.4    1.7    4.7   96.3    3.0   10.1    3.1    7.7    1.6  714.6
10961 20210606  3      0   -1.0    0.3    2.7   99.3    2.0    7.6    1.3    7.7   12.8  714.3
10961 20210605  3      0   -0.6    2.5    6.6   93.6    3.0   11.7    2.4    7.7   12.0  716.5
10961 20210604  3      0    1.8    4.2    8.8   84.8    3.0   14.1    1.3    7.7    6.9  718.8
10961 20210603  3      0    0.7    3.4    7.6   81.5    2.0    5.5    7.4    5.4    0.0  717.9
10961 20210602  3      0   -0.3    1.3    4.2   82.3    3.0   13.4    9.5    3.5    0.0  713.5
10961 20210601  3      0   -2.9   -0.2    3.5   69.3    3.0   10.7   13.3    1.1    0.0  711.4
10961 20210531  3      0   -4.0   -2.5   -0.3   51.8    3.0   10.8   15.7    0.3    0.0  711.6
10961 20210530  3      0   -7.8   -5.1    0.1   73.9    2.0    5.7   12.4    4.2    0.0  712.3
10961 20210529  3      0   -6.3   -3.7   -1.9   96.9    3.0   13.4    0.5    7.8    0.1  712.0
10961 20210528  3      0   -7.7   -4.3   -0.6   89.3    4.0   16.0   12.6    4.7    0.0  711.6
10961 20210527  3      0   -7.6   -4.7   -3.1   95.6    5.0   19.8    1.2    7.5    5.8  708.8
10961 20210526  3      0   -8.3   -4.3   -1.4   79.7    5.0   21.8    4.9    6.0    1.0  708.3
10961 20210525  3      0   -8.3   -7.5   -5.4   92.5    4.0   19.1    4.4    5.9    0.4  707.7
10961 20210524  3      0   -5.4   -2.8   -0.6   83.7    4.0   19.8    0.6    7.6   15.6  707.5
10961 20210523  3      0   -8.7   -6.0   -2.7   87.7    4.0   17.5    4.7    7.8    6.7  707.3
10961 20210522  3      0   -8.8   -5.3   -2.5   95.2    4.0   30.6    5.7    6.9   23.7  703.6
10961 20210521  3      0   -5.2   -3.3   -1.8   80.1    6.0   21.0    0.5    7.4    9.0  706.0
10961 20210520  3      0   -8.8   -7.0   -4.5   86.1    4.0   20.9    2.7    7.5    2.9  709.0
10961 20210519  3      0   -8.6   -7.7   -6.3   93.1    3.0    9.5    0.2    8.0   28.0  705.6
10961 20210518  3      0   -7.9   -6.6   -3.9   94.6    4.0   17.2    1.8    7.9   18.6  704.8
10961 20210517  3      0   -9.5   -7.6   -6.4   93.8    5.0   22.1    2.1    7.7   12.8  701.1
10961 20210516  3      0   -8.5   -5.4   -2.5   93.0    5.0   24.4    3.6    6.6   14.5  700.2
10961 20210515  3      0   -8.5   -5.5   -3.8   95.1    4.0   16.5    4.7    7.4    5.7  701.2
10961 20210514  3      0  -10.4   -6.8   -3.8   91.9    3.0   11.5    4.6    7.0   10.5  701.6
10961 20210513  3      0   -9.1   -6.1   -3.7   93.1    3.0    9.6    0.2    8.0    9.3  700.5
10961 20210512  3      0   -6.4   -5.6   -4.3   96.7    3.0   12.7    0.0    8.0   12.2  702.7
10961 20210511  3      0   -5.7   -0.5    2.0   89.9    4.0   17.8    3.4    6.6   20.4  704.8
10961 20210510  3      0    0.1    2.0    3.8   72.3    6.0   30.2    7.0    6.8    0.0  709.1
10961 20210509  3      0   -0.1    2.9    5.8   33.8    5.0   25.6   14.3    4.2    0.0  710.7
10961 20210508  3      0  -13.9   -6.4    1.1   76.9    5.0   23.6   11.5    4.3    0.0  708.6
10961 20210507  3      0  -12.1   -8.7   -6.8   95.0    4.0   24.0    0.2    7.8   11.2  702.5
10961 20210506  3      0  -11.6   -7.9   -4.6   97.5    6.0   29.0    0.7    7.5    6.0  700.4
10961 20210505  3      0  -11.6   -8.3   -4.8   89.9    5.0   27.2    0.7    7.7   11.2  699.3
10961 20210504  3      0   -6.8   -4.9   -2.7   49.8    5.0   20.8   10.5    6.0    0.0  703.7
10961 20210503  3      0  -12.8   -9.7   -6.4   79.8    4.0   23.0    8.4    4.5    0.0  706.7
10961 20210502  3      0  -11.2   -9.8   -8.2   92.6    3.0   14.9    1.1    7.9    8.9  702.4
10961 20210501  3      0   -8.3   -3.0   -1.0   97.3    4.0   12.1    4.7    7.5   13.8  701.8
10961 20210430  3      0   -5.1   -3.0   -0.5   95.4    4.0   17.5    7.0    7.0    0.1  703.3
10961 20210429  3      0   -5.3   -3.5   -1.2   93.2    4.0   19.7    2.7    7.2    8.5  701.3
10961 20210428  3      0   -5.2   -3.4   -0.8   86.0    4.0   17.4    6.5    7.0    0.0  700.6
10961 20210427  3      0   -7.0   -4.8   -0.4   78.0    3.0   11.3   11.1    6.8    0.0  700.2
10961 20210426  3      0   -6.5   -5.3   -4.4   83.2    4.0   14.7    4.7    6.5    0.0  704.5
10961 20210425  3      0   -6.9   -5.8   -4.2   87.9    3.0   14.4    2.4    6.0    0.0  709.1
10961 20210424  3      0   -5.9   -4.3   -2.4   45.5    3.0   12.3   14.0    3.2    1.5  711.8
10961 20210423  3      0  -10.5   -7.3   -2.7   45.1    3.0    9.7   14.1    0.1    0.0  711.4
10961 20210422  3      0  -12.4   -8.0   -6.6   90.6    3.0   10.7    0.4    7.3   16.6  708.0
10961 20210421  3      0   -9.3   -7.5   -3.4   79.7    2.0    7.8    8.4    4.2    0.2  705.6
10961 20210420  3      0  -10.9   -8.4   -3.5   86.7    2.0    8.0    6.2    5.5    0.8  704.2
10961 20210419  3      0  -12.3  -10.8   -8.6   89.1    2.0    5.4    2.2    7.8    8.1  703.7
10961 20210418  3      0  -14.1  -11.6   -9.2   88.7    2.0    8.8    1.1    7.8    5.0  702.9
10961 20210417  3      0  -14.0  -12.3   -9.7   69.1    2.0   11.1    5.4    5.3    0.4  702.9
10961 20210416  3      0  -17.4  -13.5   -9.1   64.8    2.0   10.0   12.0    1.2    0.0  703.2
10961 20210415  3      0  -17.6  -15.8  -12.1   84.1    2.0   13.0    5.0    5.3    1.2  703.6
10961 20210414  3      0  -19.1  -16.0  -10.9   84.8    2.0   15.6    6.4    6.7    3.7  704.7
10961 20210413  3      0  -17.8  -16.3  -14.8   87.1    3.0   13.2    0.5    7.9   19.1  705.9
10961 20210412  3      0  -16.8  -11.6   -6.1   89.8    3.0   12.9    0.4    7.5   21.0  705.5
10961 20210411  3      0   -6.4   -4.6   -2.6   79.8    3.0   11.5    8.5    5.2    0.1  704.7
10961 20210410  3      0   -7.4   -5.6   -1.8   72.0    3.0   14.6    8.9    7.1    0.1  705.9
10961 20210409  3      0  -11.3   -7.2   -4.4   47.0    3.0   15.9   10.9    4.2    0.0  707.3
10961 20210408  3      0  -18.3  -15.1  -10.6   59.2    4.0   16.9    8.5    3.8    2.1  704.6
10961 20210407  3      0  -21.3  -19.7  -17.7   83.0    4.0   17.1    0.3    8.0   20.0  696.2
10961 20210406  3      0  -21.9  -20.1  -18.3   80.9    3.0   14.1    5.9    6.9    8.7  692.7
10961 20210405  3      0  -19.3   -8.6   -5.7   57.2    4.0   13.6    9.2    4.9   11.8  699.4
10961 20210404  3      0  -14.4  -10.9   -7.5   45.0    3.0   13.1   12.9    0.0    0.0  704.7
10961 20210403  3      0  -15.6  -13.1   -9.8   85.4    3.0   12.1    8.7    4.7    0.0  704.1
10961 20210402  3      0  -10.4   -4.9   -2.2   94.3    4.0   15.3    1.0    7.6    1.4  707.9
10961 20210401  3      0   -6.4   -2.2   -0.1   72.3    3.0   11.7    7.9    5.2    0.9  713.3
10961 20210331  3      0   -1.4    1.0    4.1   29.9    2.0    8.7   12.7    0.2    0.0  717.6
10961 20210330  3      0   -0.5    0.7    1.6   23.2    2.0    9.3   12.1    1.7    0.0  721.7
10961 20210329  3      0   -6.9   -3.5    0.2   38.5    4.0   13.3   12.3    4.0    0.0  720.6
10961 20210328  3      0  -12.4   -8.8   -6.4   54.2    4.0   16.9   11.6    5.5    0.0  715.0
10961 20210327  3      0  -12.1   -8.4   -5.8   84.6    4.0   16.1    2.0    7.1    1.4  710.0
10961 20210326  3      0   -9.1   -6.5   -3.3   63.7    4.0   13.8   11.0    2.0    0.0  709.9
10961 20210325  3      0   -9.1   -7.2   -3.8   61.5    3.0   12.1   11.3    3.9    0.0  710.1
10961 20210324  3      0   -9.5   -8.0   -6.6   66.9    3.0    8.7   12.4    0.0    0.0  710.2
10961 20210323  3      0  -15.8  -11.8   -8.8   78.2    3.0   13.2   10.1    2.5    0.6  706.6
10961 20210322  3      0  -16.3  -15.3  -13.6   88.0    3.0   11.1    0.2    8.0    5.7  701.4
10961 20210321  3      0  -16.6  -14.0  -11.1   86.8    4.0   14.7    0.5    8.0   15.8  700.5
10961 20210320  3      0  -20.9  -19.0  -16.5   65.3    3.0   13.4    3.2    5.8    7.3  699.9
10961 20210319  3      0  -19.0  -16.4  -11.9   82.9    2.0    7.2    5.8    5.5   16.1  697.4
10961 20210318  3      0  -18.8  -16.9  -13.3   86.1    2.0    7.3    4.8    6.5    4.2  699.4
10961 20210317  3      0  -16.7  -15.9  -14.1   90.9    3.0   13.1    0.1    7.9   15.5  700.8
10961 20210316  3      0  -16.8  -15.8  -14.7   86.3    3.0   13.2    0.0    7.7   33.8  701.1
10961 20210315  3      0  -15.6  -14.3  -12.5   89.1    4.0   18.5    0.0    7.8   46.0  697.1
10961 20210314  3      0  -16.1  -14.6  -12.0   87.3    4.0   30.1    0.0    7.9   36.8  695.7
10961 20210313  3      0  -13.1  -10.7   -8.0   78.8    5.0   27.7    7.4    6.8    8.4  697.8
10961 20210312  3      0  -13.6  -11.4   -8.1   90.0    5.0   33.0    2.9    6.3    1.8  700.2
10961 20210311  3      0  -10.6   -5.4   -2.6   86.6    5.0   34.0    2.6    7.5   13.2  702.0
10961 20210310  3      0  -15.1  -13.2   -9.7   78.5    3.0   19.3    2.6    7.0    6.8  702.4
10961 20210309  3      0  -16.0  -13.2   -9.4   65.4    3.0    9.4    6.0    5.8    5.5  700.4
10961 20210308  3      0  -13.6  -12.3  -10.6   80.4    3.0   13.7    7.5    5.3    0.2  702.1
10961 20210307  3      0  -12.6  -10.6   -9.2   88.0    4.0   16.7    0.9    7.0    8.7  705.8
10961 20210306  3      0  -16.7  -11.3   -3.7   38.0    3.0   12.9   11.4    0.0    0.8  708.2
10961 20210305  3      0  -15.2  -11.6   -9.2   90.2    3.0   17.0    0.0    7.9   10.4  704.1
10961 20210304  3      0   -9.3   -6.8   -3.5   62.2    3.0   17.8    1.4    7.6   10.5  708.4
10961 20210303  3      0   -4.0   -3.0   -1.4   17.8    2.0    8.1    1.5    7.0    0.0  717.0
10961 20210302  3      0   -3.1   -1.3    1.4   20.4    2.0    6.7   11.1    0.0    0.0  718.6
10961 20210301  3      0   -5.2   -3.4   -0.8   15.0    4.0   11.5   11.2    0.0    0.0  716.1
10961 20210228  3      0   -6.8   -3.5    2.9    8.3    3.0   12.6   11.1    0.0    0.0  715.6
10961 20210227  3      0  -11.5   -8.0   -5.8   56.0    3.0   13.3    8.7    3.0    0.0  714.7
10961 20210226  3      0   -7.5   -2.9    0.0   44.3    3.0   10.4   10.1    1.8    1.0  717.6
10961 20210225  3      0   -1.5    0.5    2.1   18.1    3.0   11.6   10.8    0.0    0.0  721.1
10961 20210224  3      0   -1.8    0.9    3.6   36.3    3.0    9.8   10.2    0.0    0.0  723.5
10961 20210223  3      0   -2.3    0.2    5.0   39.9    3.0   11.7    9.8    0.0    0.0  722.9
10961 20210222  3      0   -2.8   -1.0    1.7   23.3    4.0   23.0   10.3    1.6    0.0  715.5
10961 20210221  3      0   -0.6    1.6    4.3   15.2    4.0   14.6   10.7    0.1    0.0  712.4
10961 20210220  3      0   -6.6   -1.4    2.9   37.5    4.0   12.8   10.6    3.9    0.0  711.2
10961 20210219  3      0   -7.4   -6.2   -4.7   77.8    5.0   20.7    5.1    7.4    0.0  708.7
10961 20210218  3      0   -8.2   -5.2   -3.1   32.9    4.0   16.2    7.6    6.5    0.0  707.8
10961 20210217  3      0  -11.5   -9.1   -6.3   83.1    4.0   20.3    7.0    4.6    0.5  707.4
10961 20210216  3      0   -6.9   -5.5   -3.7   94.2    4.0   19.0    0.2    7.5    4.7  709.9
10961 20210215  3      0  -13.5  -10.1   -5.5   49.4    4.0   18.5    5.6    5.4   11.9  712.0
10961 20210214  3      0  -21.6  -18.6  -12.7   29.2    4.0   22.8   10.1    2.0    0.0  709.8
10961 20210213  3      0  -22.0  -19.9  -15.8   31.8    5.0   22.4   10.2    0.2    0.0  703.2
10961 20210212  3      0  -18.2  -16.1  -13.9   26.3    4.0   12.6   10.0    1.2    0.0  700.7
10961 20210211  3      0  -21.1  -18.4  -13.8   78.5    4.0   18.8    5.7    5.3    0.9  697.3
10961 20210210  3      0  -13.8  -10.3   -8.5   89.5    4.0   17.5    0.0    7.8   13.3  690.6
10961 20210209  3      0  -12.5  -11.0   -9.5   82.8    6.0   23.0    2.3    5.6    2.0  688.9
10961 20210208  3      0  -15.4  -14.1  -12.0   83.1    4.0   20.9    4.6    4.8    0.7  685.3
10961 20210207  3      0  -13.2   -6.6   -3.9   89.8    4.0   28.6    1.5    6.7   12.0  691.0
10961 20210206  3      0   -5.3   -3.1   -1.8   67.2    6.0   34.6    3.2    6.8    0.0  700.9
10961 20210205  3      0   -5.6   -4.3   -2.0   79.2    5.0   24.3    7.7    7.2    0.0  705.0
10961 20210204  3      0   -9.9   -8.1   -4.9   88.7    5.0   26.4    5.0    6.7    0.1  703.9
10961 20210203  3      0   -7.7   -4.9   -3.3   94.5    6.0   32.9    2.3    7.5    6.8  700.0
10961 20210202  3      0   -8.6   -6.4   -4.2   94.9    6.0   36.3    0.8    7.6   11.3  698.2
10961 20210201  3      0   -9.9   -8.4   -7.5   91.5    5.0   18.3    0.0    7.7    9.5  690.0
10961 20210131  3      0  -10.7   -9.2   -7.7   92.3    3.0   14.9    1.6    7.8    3.6  690.4
10961 20210130  3      0  -11.3   -8.9   -6.3   91.4    5.0   24.6    0.0    7.8   13.4  691.8
10961 20210129  3      0  -10.5   -8.1   -5.4   92.6    6.0   33.3    0.1    7.7   19.6  694.2
10961 20210128  3      0  -11.9   -7.6   -5.1   92.3    5.0   28.2    0.0    7.6   20.5  697.7
10961 20210127  3      0  -18.7  -14.9  -11.0   90.5    4.0   18.5    0.1    7.7   13.1  698.4
10961 20210126  3      0  -19.6  -18.9  -18.3   83.6    4.0   18.2    0.0    8.0   14.1  696.8
10961 20210125  3      0  -18.4  -17.4  -16.2   77.3    4.0   21.4    0.0    7.4   11.8  688.3
10961 20210124  3      0  -19.5  -17.5  -13.8   70.5    5.0   26.1    5.2    5.8    0.5  686.1
10961 20210123  3      0  -17.0  -13.8   -7.1   83.4    4.0   25.3    1.1    7.1    3.0  686.5
10961 20210122  3      0   -8.3   -7.4   -6.0   81.1    6.0   27.0    5.3    6.5    3.1  691.3
10961 20210121  3      0   -9.2   -8.0   -6.4   75.2    7.0   34.0    4.0    6.2    0.0  697.1
10961 20210120  3      0   -9.0   -6.9   -4.0   46.4    6.0   29.4    6.9    7.6    0.0  701.5
10961 20210119  3      0  -15.3  -10.8   -7.1   72.3    6.0   27.7    5.0    6.4    6.0  703.7
10961 20210118  3      0  -17.2  -16.0  -14.6   84.3    4.0   15.7    0.1    7.1    6.7  703.8
10961 20210117  3      0  -16.7  -14.9  -13.8   84.6    4.0   18.0    0.0    7.9   33.4  698.7
10961 20210116  3      0  -21.0  -17.9  -16.2   63.3    4.0   20.4    8.6    1.5    8.8  700.5
10961 20210115  3      0  -20.4  -15.6  -11.8   69.6    3.0   14.2    7.8    3.5    1.7  699.2
10961 20210114  3      0  -17.0  -14.1  -10.2   86.8    4.0   23.2    0.0    8.0   31.5  697.6
10961 20210113  3      0  -17.2  -15.1  -10.4   85.2    5.0   23.7    1.1    8.0   29.2  697.7
10961 20210112  3      0  -13.4  -12.4  -11.7   79.3    5.0   27.6    0.0    7.0   24.6  698.7
10961 20210111  3      0  -14.2  -12.5  -11.0   20.3    3.0   11.2    8.8    1.7    0.0  701.5
10961 20210110  3      0  -15.4  -14.3  -12.8   25.0    2.0   11.7    8.5    0.2    0.0  699.7
10961 20210109  3      0  -18.1  -14.7  -11.5   49.0    2.0    7.2    8.5    3.0    0.0  698.9
10961 20210108  3      0  -19.7  -18.6  -17.4   85.0    3.0   11.1    0.2    6.8    0.7  695.5
10961 20210107  3      0  -17.6  -16.5  -14.5   77.2    4.0   12.6    8.6    1.7    0.0  695.3
10961 20210106  3      0  -16.9  -15.2  -13.5   87.5    3.0    9.5    1.5    7.6    1.1  693.4
10961 20210105  3      0  -14.7  -13.0  -10.5   62.1    3.0   11.2    7.9    2.4    0.9  694.2
10961 20210104  3      0  -12.5  -10.9   -6.6   44.8    2.0    5.7    7.5    4.7    0.0  695.8
10961 20210103  3      0  -12.5  -11.3  -10.3   78.0    4.0   14.0    0.3    5.8    0.0  695.0
10961 20210102  3      0  -11.7  -10.2   -7.0   79.8    4.0   12.7    5.5    7.3    0.0  695.5
10961 20210101  3      0  -12.7  -11.5   -9.6   73.9    4.0   15.8    6.3    6.2    0.0  694.3
10961 20201231  3      0  -16.6  -13.7  -11.3   60.7    4.0   18.3    6.7    2.6    0.1  693.3
10961 20201230  3      0  -16.2  -14.3  -11.6   83.4    3.0    9.6    5.8    3.5    1.3  691.3
10961 20201229  3      0  -14.5  -13.3  -11.8   75.0    5.0   24.9    6.9    5.1    0.0  684.6
10961 20201228  3      0  -14.6  -12.2  -10.0   80.7    6.0   32.9    0.0    7.3    6.1  677.9
10961 20201227  3      0  -11.2   -7.5   -5.1   36.4    5.0   27.6    5.7    6.9    0.0  692.5
10961 20201226  3      0  -19.6  -15.6   -7.6   51.0    2.0   11.2    8.4    2.9    0.0  702.0
10961 20201225  3      0  -17.1  -14.5  -11.1   92.8    2.0   16.6    0.0    7.8   28.1  699.1
10961 20201224  3      0  -11.1   -7.9   -2.7   91.0    5.0   24.1    1.0    7.4    8.7  701.1
10961 20201223  3      0   -4.1   -2.5   -0.6   77.3    6.0   23.9    0.6    7.7    0.0  710.2
10961 20201222  3      0   -4.5   -3.1   -1.2   93.8    6.0   27.0    3.3    7.2    0.0  711.5
10961 20201221  3      0   -7.3   -5.7   -2.8   87.1    5.0   22.0    1.2    7.5    9.3  710.3
10961 20201220  3      0   -6.4   -5.5   -4.4   79.3    4.0   13.4    2.6    6.3    0.3  710.3
10961 20201219  3      0   -7.2   -5.0   -2.6   52.7    3.0   13.6    8.2    0.7    0.0  710.2
10961 20201218  3      0   -5.9   -4.5   -1.2   72.7    3.0   10.7    7.8    2.1    0.0  712.5
10961 20201217  3      0   -7.2   -3.8   -0.5   48.8    4.0   11.4    8.4    3.6    0.0  711.8
10961 20201216  3      0   -4.7   -3.4   -2.4   75.5    3.0   16.1    2.2    4.2    0.0  708.6
10961 20201215  3      0   -4.1   -2.1    0.4   68.5    5.0   20.9    0.5    7.4    0.0  707.2
10961 20201214  3      0  -10.1   -3.1    1.5   53.3    4.0   16.2    5.4    6.8    0.0  706.0
10961 20201213  3      0  -10.8   -9.7   -9.1   84.9    3.0   12.3    0.2    6.6    3.2  699.8
10961 20201212  3      0  -10.1   -9.4   -8.5   93.7    3.0   13.5    0.6    7.8   11.9  691.7
10961 20201211  3      0  -10.6   -7.8   -4.8   42.3    4.0   19.0    4.2    5.3    0.6  691.7
10961 20201210  3      0  -11.8  -10.5   -8.0   71.0    3.0    8.8    8.2    0.5    0.0  693.4
10961 20201209  3      0  -11.7  -10.7   -9.0   89.1    3.0    8.5    0.0    7.4    6.2  693.7
10961 20201208  3      0  -14.3  -10.9   -9.0   86.3    5.0   23.1    1.1    6.0    0.0  691.6
10961 20201207  3      0  -14.2  -12.3   -9.8   88.2    5.0   25.7    2.8    6.0    0.0  689.5
10961 20201206  3      0  -10.3   -6.6   -5.6   94.2    6.0   24.7    0.0    7.3   14.7  689.9
10961 20201205  3      0   -8.8   -7.3   -5.5   93.3    5.0   25.1    0.0    7.4   20.0  690.0
10961 20201204  3      0  -11.6  -10.2   -8.4   78.6    7.0   31.7    6.6    5.1    2.0  685.9
10961 20201203  3      0  -12.4  -10.6   -8.3   67.6    4.0   21.0    8.3    2.6    0.0  692.6
10961 20201202  3      0  -12.9  -10.6   -8.0   79.0    4.0   13.4    0.0    3.7    1.7  697.8
10961 20201201  3      0  -13.9  -10.4   -8.4   74.8    3.0   13.5    0.0    6.4    7.7  701.3
10961 20201130  3      0   -9.7   -6.3   -3.6   12.2    3.0   12.0    8.8    0.0    0.1  707.9
10961 20201129  3      0   -7.2   -5.4   -3.7   20.0    2.0    8.2    8.8    0.6    0.0  706.0
10961 20201128  3      0   -4.9   -2.7    1.3   41.5    2.0    7.9    8.8    1.3    0.0  706.9
10961 20201127  3      0   -5.7   -4.5   -2.5   50.2    3.0    8.8    8.8    0.0    0.0  708.8
10961 20201126  3      0   -5.2   -3.2   -1.2   51.6    3.0    8.9    8.9    0.0    0.0  710.8
10961 20201125  3      0   -3.1   -1.0    1.0   28.7    3.0   11.3    8.8    0.0    0.0  711.3
10961 20201124  3      0   -5.0   -0.7    2.3   17.4    2.0    8.1    8.9    0.0    0.0  713.2
10961 20201123  3      0   -6.8   -4.4   -0.3   66.8    4.0   14.7    4.4    5.5    0.0  714.3
10961 20201122  3      0   -2.8   -0.2    3.5   54.5    3.0   12.9    7.1    3.8    0.0  716.5
10961 20201121  3      0  -15.5   -7.3   -1.6   25.0    3.0   13.9    9.0    1.7    0.0  714.8
10961 20201120  3      0  -16.1  -12.7  -10.7   96.3    3.0   13.4    0.8    6.9    8.7  711.4
10961 20201119  3      0  -11.3   -3.7    1.1   77.2    4.0   19.9    2.1    5.3   17.6  713.7
10961 20201118  3      0    0.5    2.6    5.9   36.2    3.0   10.8    9.2    1.5    0.0  718.8
10961 20201117  3      0   -8.2   -4.3    1.2   74.2    3.0   12.3    8.6    5.3    0.0  715.5
10961 20201116  3      0   -8.8   -6.7   -2.0   89.7    4.0   19.0    3.2    7.6    4.1  708.6
10961 20201115  3      0   -2.6   -0.1    2.7   44.5    4.0   18.7    9.0    4.3    1.6  710.2
10961 20201114  3      0   -4.7   -2.7    0.5   77.0    3.0   12.2    8.8    2.8    0.0  712.9
10961 20201113  3      0   -5.5   -4.1   -1.8   71.4    4.0   15.2    9.1    4.2    0.0  712.4
10961 20201112  3      0   -6.9   -5.4   -4.0   79.2    4.0   15.3    3.4    3.3    0.0  711.9
10961 20201111  3      0   -4.9   -2.6    0.7   56.8    4.0   13.4    9.5    0.0    0.0  713.4
10961 20201110  3      0   -2.5   -0.8    1.9   44.8    2.0    7.8    8.7    4.1    0.0  715.6
10961 20201109  3      0   -1.9   -0.8    2.7   57.5    3.0    7.2    9.5    0.0    0.0  715.2
10961 20201108  3      0   -0.2    1.0    3.0   38.3    3.0    7.8    7.5    2.5    0.0  716.9
10961 20201107  3      0    0.7    3.3    7.0   21.5    3.0    8.7    9.5    0.0    0.0  719.2
10961 20201106  3      0   -3.4    0.5    4.8   29.5    3.0    9.8    9.7    0.0    0.0  719.7
10961 20201105  3      0   -3.5   -1.7    1.0   78.9    2.0    8.6    9.6    0.6    0.0  718.9
10961 20201104  3      0   -5.5   -2.4   -0.8   95.3    4.0   13.3    5.4    6.0    0.4  714.6
10961 20201103  3      0   -2.0    1.2    2.7   99.9    3.0    9.5    0.0    7.8   12.7  715.6
10961 20201102  3      0    2.4    3.2    4.3   97.0    4.0   20.5    6.1    7.3    3.1  715.9
10961 20201101  3      0   -0.9    0.9    3.1   67.6    5.0   23.6    0.1    7.4    1.8  715.0
10961 20201031  3      0   -0.9    1.5    4.3   43.8    4.0   12.8    9.8    2.0    0.0  717.4
10961 20201030  3      0   -4.5   -2.7   -0.6   89.7    4.0   18.3    4.4    5.6    0.0  714.9
10961 20201029  3      0   -5.8   -5.0   -4.4   95.7    5.0   22.9    0.0    7.8   28.5  709.6
10961 20201028  3      0   -5.8   -3.5   -1.8   91.0    5.0   21.9    2.9    6.3    1.0  707.8
10961 20201027  3      0   -9.8   -7.9   -5.0   86.3    4.0   17.1    5.3    5.4    3.7  701.8
10961 20201026  3      0   -8.8   -4.3   -0.1   86.8    5.0   21.0    2.6    7.2   37.9  699.9
10961 20201025  3      0   -2.4   -0.3    2.6   51.7    4.0   13.7    9.1    3.0    0.0  706.4
10961 20201024  3      0   -3.5   -2.6   -0.6   93.4    2.0   11.1    3.4    4.9    2.6  709.8
10961 20201023  3      0   -2.5    0.0    1.2   94.8    5.0   23.7    2.0    7.4    5.1  710.6
10961 20201022  3      0    0.5    2.4    4.5   62.3    4.0   19.1    2.6    6.7    0.1  714.1
10961 20201021  3      0    2.6    5.2    8.4   42.7    4.0   14.1    6.1    5.6    0.0  712.5
10961 20201020  3      0   -0.2    2.6    5.2   24.5    4.0   17.4    8.1    6.5    0.0  712.6
10961 20201019  3      0   -6.9   -3.7    0.0   30.6    5.0   19.8   10.4    1.5    0.0  710.7
10961 20201018  3      0   -9.3   -7.4   -5.2   75.6    4.0   16.4    6.8    3.8    0.0  708.3
10961 20201017  3      0   -8.7   -8.0   -7.0   91.8    3.0   10.4    3.0    7.9    0.8  705.0
10961 20201016  3      0   -8.0   -7.3   -6.5   94.2    2.0    9.3    0.0    8.0   19.6  703.7
10961 20201015  3      0   -9.6   -7.3   -4.4   75.7    3.0   16.3    0.6    5.6   12.2  700.6
10961 20201014  3      0  -10.8   -7.6   -3.1   40.8    3.0   10.7   10.8    0.9    0.0  700.2
10961 20201013  3      0  -12.4  -10.3   -8.4   86.5    2.0    8.8    1.6    5.5    0.8  700.3
10961 20201012  3      0  -12.0  -10.5   -9.3   93.3    2.0    7.9    2.4    7.5    4.6  704.4
10961 20201011  3      0  -12.1   -8.9   -7.4   96.6    2.0    8.3    0.0    7.9   14.0  705.6
10961 20201010  3      0   -7.4   -4.2   -1.2   89.0    3.0   16.5    1.1    6.4    8.7  710.7
10961 20201009  3      0   -2.5   -0.1    2.8   57.3    4.0   15.1    8.1    7.1    0.0  714.9
10961 20201008  3      0   -8.1   -3.6   -0.2   93.6    4.0   18.5    6.7    6.8    0.6  713.5
10961 20201007  3      0   -6.8   -5.8   -3.8   95.3    4.0   22.9    0.1    8.0   11.3  706.2
10961 20201006  3      0   -5.0   -3.2   -1.1   86.8    6.0   27.8    3.9    7.3    7.3  704.0
10961 20201005  3      0   -6.8   -5.1   -3.7   94.3    4.0   20.2    1.4    7.7   10.1  701.1
10961 20201004  3      0   -5.5   -3.9   -2.4   86.5    5.0   24.1    3.2    6.6    2.4  697.5
10961 20201003  3      0   -4.6   -0.3    2.0   88.0    6.0   33.2    4.0    5.0    1.4  694.3
10961 20201002  3      0   -1.8   -0.5    1.0   93.5    6.0   29.5    0.0    7.6    0.0  696.5
10961 20201001  3      0   -2.2    0.1    4.8   73.4    3.0   11.3    9.2    4.3    0.0  704.5
10961 20200930  3      0   -1.9   -0.8    0.1   93.8    3.0    9.1    6.6    5.3    0.0  709.7
10961 20200929  3      0   -5.8   -3.3   -1.7   96.5    4.0   13.5    0.0    8.0    4.4  709.0
10961 20200928  3      0   -8.8   -6.5   -4.7   94.7    2.0   10.6    0.0    7.8   10.2  702.3
10961 20200927  3      0   -9.3   -7.6   -5.4   97.3    4.0   20.5    8.7    4.8    0.0  697.7
10961 20200926  3      0  -10.9   -9.3   -8.3   91.9    5.0   26.8    0.0    8.0   17.9  693.0
10961 20200925  3      0   -9.3   -5.9    0.0   93.8    3.0   15.3    0.0    7.9   65.8  696.0
10961 20200924  3      0   -0.1    1.6    3.4   94.7    4.0   20.7    3.6    7.0   18.3  706.8
10961 20200923  3      0    0.2    1.5    2.7   99.6    2.0   11.5    0.1    7.8    0.7  708.0
10961 20200922  3      0    2.1    3.3    4.9   91.2    3.0    8.4    2.5    6.5    0.3  711.3
10961 20200921  3      0    2.5    4.0    5.9   89.7    2.0    8.7    3.9    5.1    0.4  713.7
10961 20200920  3      0    2.7    5.1    7.6   88.3    2.0   10.3    5.6    5.5    2.8  713.9
10961 20200919  3      0    4.5    6.1    9.0   67.7    2.0    7.4    8.8    2.8    0.0  716.8
10961 20200918  3      0    3.6    6.1    9.2   66.8    3.0    8.2   11.9    0.1    0.0  718.8
10961 20200917  3      0    1.2    3.1    5.4   92.2    3.0   11.6    0.9    5.3    9.5  718.2
10961 20200916  3      0    2.6    5.2    8.3   67.9    2.0    6.7    9.3    3.9    0.0  718.7
10961 20200915  3      0    6.1    8.4   10.7   52.8    2.0    9.7   11.5    2.1    0.0  721.7
10961 20200914  3      0    8.3   10.0   12.2   25.4    3.0   10.3   12.2    2.8    0.0  724.6
10961 20200913  3      0    5.6    8.5   11.4   24.5    3.0    9.7   12.0    2.3    0.0  723.8
10961 20200912  3      0    4.1    6.3    9.5   78.8    3.0    7.6    9.1    2.5    0.0  718.7
10961 20200911  3      0    3.7    5.8    9.2   85.4    2.0    8.1    6.2    6.3    0.0  715.4
10961 20200910  3      0    2.0    5.4    8.9   72.7    3.0   10.6   11.4    5.2    0.0  716.8
10961 20200909  3      0    3.7    7.2   10.0   45.7    3.0   11.9   12.7    0.8    0.0  720.6
10961 20200908  3      0    1.7    5.2    8.3   67.5    3.0   10.3   13.0    0.0    0.0  721.1
10961 20200907  3      0   -3.0    0.3    3.3   94.7    4.0   10.5    2.2    6.5    0.5  714.9
10961 20200906  3      0   -3.1    1.6    4.6   97.1    3.0   16.2    2.5    7.4   31.2  712.9
10961 20200905  3      0    1.7    6.3    9.4   77.5    3.0   19.2    7.6    4.1    2.4  717.9
10961 20200904  3      0    2.2    7.0   10.0   68.5    4.0   12.0   12.7    2.7    0.0  722.1
10961 20200903  3      0   -3.4   -1.1    3.2   92.2    3.0   12.4    6.1    7.1    0.0  716.2
10961 20200902  3      0   -4.7   -2.1   -0.1   95.8    2.0   11.4    2.0    6.5    3.0  711.0
10961 20200901  3      0   -2.5   -1.6   -0.4   98.2    2.0    8.3    0.2    8.0   11.6  709.1
10961 20200831  3      0   -3.2   -2.0   -0.1   98.8    2.0   11.7    0.0    7.6    8.3  709.8
10961 20200830  3      0   -2.8    0.8    3.8   99.5    5.0   22.6    0.2    7.3    4.2  705.1
10961 20200829  3      0    0.1    1.6    3.1   99.9    4.0   16.6    0.0    7.5   10.8  705.4
10961 20200828  3      0    1.9    5.2    7.1   86.4    4.0   20.1    6.4    5.9   18.7  709.1
10961 20200827  3      0    0.3    3.5    5.7   66.9    4.0   19.7   10.1    6.7    0.0  714.2
10961 20200826  3      0    1.9    4.8    7.5   68.2    4.0   24.6   12.1    3.9    0.0  714.9
10961 20200825  3      0   -1.7    2.8    6.1   69.0    4.0   23.6    9.8    5.8    0.0  713.2
10961 20200824  3      0   -1.7    0.6    2.4   99.4    3.0   11.5    1.0    7.4    0.0  713.3
10961 20200823  3      0   -0.1    2.2    3.7   99.7    2.0    8.8    0.5    7.7    3.4  715.5
10961 20200822  3      0    2.1    6.8   11.2   89.8    3.0   14.2    1.0    7.0   13.1  718.2
10961 20200821  3      0    8.7   11.2   14.6   63.7    3.0   13.4   13.4    0.8    0.0  719.0
10961 20200820  3      0    4.1    8.2   12.9   84.0    3.0   11.6    7.8    5.3    0.0  715.7
10961 20200819  3      0    0.9    3.4    6.8   87.9    3.0   15.9    6.3    6.0    0.0  712.0
10961 20200818  3      0    0.4    1.7    3.3   98.6    3.0   11.0    1.9    7.6    2.8  711.8
10961 20200817  3      0    1.4    3.7    5.8   92.3    3.0   12.4    0.7    6.9    3.2  712.2
10961 20200816  3      0    4.2    6.7    9.4   67.0    2.0    8.0    6.2    4.1    0.0  714.1
10961 20200815  3      0    3.8    5.3    8.2   91.7    2.0    7.2    3.2    6.3    0.6  714.9
10961 20200814  3      0    3.2    4.3    7.3   96.5    2.0   10.2    0.0    6.9    3.1  714.9
10961 20200813  3      0    3.1    6.5    9.7   87.3    3.0   11.1    2.9    7.0    8.5  717.0
10961 20200812  3      0    6.3    8.2   11.2   77.7    2.0    8.1    7.2    4.7    5.8  718.7
10961 20200811  3      0    5.0    7.6   11.7   84.7    2.0    8.5    4.7    5.1    0.0  718.8
10961 20200810  3      0    5.9    8.9   12.3   73.8    3.0   13.2   11.2    3.5    0.1  718.0
10961 20200809  3      0    6.8    8.4   11.4   70.3    3.0    9.0   10.6    1.8    0.0  719.6
10961 20200808  3      0    6.0    8.0   11.0   70.1    3.0    9.3    9.4    2.3    0.0  720.8
10961 20200807  3      0    6.0    7.5   11.0   75.0    3.0   10.0   12.5    1.5    0.0  720.1
10961 20200806  3      0    4.6    8.0   15.0   66.5    2.0    7.8   14.6    0.1    0.0  717.9
10961 20200805  3      0   -2.8    2.5    8.6   80.0    3.0   13.3   14.4    1.8    0.0  713.5
10961 20200804  3      0   -3.7   -2.3   -1.3   97.0    3.0   11.1    0.0    8.0   21.0  708.5
10961 20200803  3      0   -2.1    1.4    4.0   99.7    2.0    9.2    0.0    7.8   55.6  708.2
10961 20200802  3      0    1.3    5.3    7.1   95.2    2.0   10.3    0.1    7.7   21.9  714.5
10961 20200801  3      0    6.2    8.3   11.3   83.3    2.0   11.5    6.3    4.3   14.2  719.0
10961 20200731  3      0    7.7    8.8   11.2   89.0    3.0   10.4    4.7    4.3    0.0  720.5
10961 20200730  3      0    6.2    8.5   11.6   83.8    4.0   17.0   12.3    3.0    0.0  720.3
10961 20200729  3      0    5.5    6.6    8.4   97.9    4.0   16.6    4.7    6.7    0.0  718.2
10961 20200728  3      0    5.5    9.0   13.1   72.7    4.0   23.2    8.3    4.0    0.6  717.8
10961 20200727  3      0    2.5    6.7   10.0   82.5    4.0   17.8   14.4    2.3    0.0  717.3
10961 20200726  3      0    2.0    3.7    5.7   93.8    4.0   18.6    4.3    7.3    9.2  714.4
10961 20200725  3      0    0.5    2.6    5.8   93.9    2.0   10.9    2.9    7.1    1.3  713.4
10961 20200724  3      0   -0.1    1.8    3.4   97.7    2.0   10.6    0.0    7.8    4.3  712.2
10961 20200723  3      0    1.0    3.4    6.7   95.6    3.0   11.7    3.8    6.9    3.5  714.9
10961 20200722  3      0    2.3    4.7    7.3   99.5    3.0   14.4    1.9    7.6   23.0  717.8
10961 20200721  3      0    4.2    5.4    7.9   86.1    3.0   14.7    6.0    6.1    6.1  719.1
10961 20200720  3      0    1.7    4.6    8.4   82.1    2.0   11.4   11.6    3.0    0.0  716.9
10961 20200719  3      0    1.3    3.2    6.2   95.2    2.0    7.2    3.7    7.3    0.0  714.8
10961 20200718  3      0   -3.3   -1.3    1.6   98.4    2.0    8.2    0.8    7.8    0.6  713.6
10961 20200717  3      0   -2.1   -0.4    0.8   99.2    2.0    8.9    0.0    7.9   10.6  712.8
10961 20200716  3      0   -0.7    0.2    0.9   99.7    3.0   17.1    0.0    8.0   15.2  712.1
10961 20200715  3      0   -0.4    0.5    2.9   97.0    3.0   14.8    0.9    7.8   10.4  711.2
10961 20200714  3      0   -1.7    0.4    3.4   93.3    2.0   10.7    5.7    6.7    0.0  712.4
10961 20200713  3      0    0.0    1.7    3.8   81.8    3.0   11.3    7.3    6.0    0.0  715.7
10961 20200712  3      0   -2.6    0.3    3.6   86.8    2.0   11.9    9.9    4.8    0.0  717.0
10961 20200711  3      0   -1.4    0.7    4.3   99.1    3.0   12.9    0.0    7.9   16.8  715.1
10961 20200710  3      0    3.2    7.0   11.7   74.3    4.0   23.0    9.0    4.0   25.7  716.1
10961 20200709  3      0    2.2    6.1   10.2   69.6    4.0   17.6   15.3    1.7    0.0  717.0
10961 20200708  3      0    0.6    3.0    6.2   61.6    4.0   15.7   12.7    2.6    0.0  715.1
10961 20200707  3      0   -6.6   -1.9    2.6   83.9    3.0   16.5   11.5    3.8    0.0  713.2
10961 20200706  3      0   -4.6    2.3    5.5   97.5    4.0   16.8    2.7    6.6    5.6  713.7
10961 20200705  3      0    1.7    5.0    7.5   82.7    3.0   13.7    7.0    4.5    0.0  717.3
10961 20200704  3      0    0.1    3.0    5.9   75.3    3.0   12.7   12.4    4.4    0.0  716.1
10961 20200703  3      0    0.4    1.5    3.8   99.5    2.0   10.8    0.2    8.0    3.8  713.7
10961 20200702  3      0    1.6    3.9    7.5   96.1    3.0   13.7    2.3    7.6   11.2  713.1
10961 20200701  3      0    3.6    5.7    9.8   90.2    4.0   18.5    8.2    4.8   10.9  713.7