                Tageswerte der Station 10788 Straubing                                               
 STAT JJJJMMDD QN     TG     TN     TM     TX    RFM     FM     FX     SO     NM     RR     PM
----- -------- -- ------ ------ ------ ------ ------ ------ ------ ------ ------ ------ ------
10788 20210531  3   -0.7    2.7   12.1   19.1   65.5    1.0    6.0   10.8    2.7    0.0  979.4
10788 20210530  3    1.0    4.8   12.0   17.3   59.3    3.0   10.9   14.3    0.3    0.0  981.8
10788 20210529  3    4.7    7.3   12.5   17.3   67.8    2.0   11.1    9.6    5.5    0.2  980.3
10788 20210528  3    6.2    8.3   11.9   15.3   74.7    2.0    6.3    1.7    7.5    0.0  979.4
10788 20210527  3    7.5    8.2   11.2   15.5   75.2    3.0   10.1    2.3    7.7    0.2  976.5
10788 20210526  3    3.8    5.0   10.4   13.1   80.2    2.0    6.7    0.8    7.4    3.4  974.7
10788 20210525  3    3.4    6.3   11.0   15.3   69.5    3.0   13.8    4.9    6.0    0.0  975.7
10788 20210524  3    5.5    7.1   12.1   17.6   80.0    3.0   10.5    1.6    7.9    6.3  972.4
10788 20210523  3    3.0    6.5   10.3   15.5   78.8    2.0   10.3    5.4    5.4    3.6  975.0
10788 20210522  3    4.7    6.3   12.1   18.1   67.8    3.0   13.9    9.1    5.0    0.3  968.8
10788 20210521  3    4.1    5.7   10.6   16.1   85.0    3.0   12.7    0.6    7.6   11.4  970.9
10788 20210520  3    4.9    6.6   11.2   16.7   72.4    3.0   10.1    5.6    6.5    0.0  977.7
10788 20210519  3    6.3    7.5   11.1   16.3   71.9    2.0    9.7    6.0    7.5    0.9  973.7
10788 20210518  3    3.8    6.0   11.0   15.6   74.6    3.0   10.5    5.2    6.6    2.0  971.6
10788 20210517  3    6.8    8.8   11.3   15.6   75.4    3.0   13.2    3.5    7.5    0.6  965.9
10788 20210516  3    1.8    4.9   10.9   15.0   80.9    2.0    7.0    3.4    6.8    3.2  964.4
10788 20210515  3    7.4    8.5   11.7   16.0   78.4    2.0   11.5    3.4    7.8    3.8  966.7
10788 20210514  3    4.2    7.4   12.6   18.3   71.4    2.0    6.6    8.0    5.6    0.8  966.5
10788 20210513  3    9.2    9.5   10.3   11.7   91.6    2.0    9.2    0.0    7.5   11.1  965.0
10788 20210512  3    9.6   10.1   11.8   13.1   92.1    2.0    8.3    0.0    7.7   14.1  967.2
10788 20210511  3   11.7   12.8   18.7   25.2   65.3    2.0   10.5    5.3    7.7   12.1  964.0
10788 20210510  3    6.2    8.9   19.5   27.5   57.0    3.0    7.8   11.4    5.7    0.0  966.6
10788 20210509  3    5.4    7.6   16.5   25.2   54.6    3.0    8.7   13.4    4.6    0.0  970.0
10788 20210508  3   -3.8   -1.3    8.4   15.7   69.2    2.0    7.3   10.1    5.1    0.0  976.7
10788 20210507  3   -2.0    0.7    8.1   11.9   73.2    3.0   13.8    4.3    5.5    2.6  970.6
10788 20210506  3   -2.4   -0.2    7.4   11.9   78.4    2.0    9.5    1.4    7.2    8.4  967.7
10788 20210505  3   -0.7    1.6    7.8   13.0   74.0    3.0   16.1    4.8    5.3    4.2  966.1
10788 20210504  3   -0.4    1.7   11.2   18.6   63.1    3.0   17.3    7.0    7.7    7.9  967.6
10788 20210503  3   -2.3   -0.1    7.3   13.1   70.8    2.0    8.6    8.2    5.5    0.0  978.1
10788 20210502  3    1.7    4.0    7.3    9.4   85.2    3.0   10.8    1.4    5.9    2.3  971.2
10788 20210501  3    7.2    7.5   11.0   15.7   80.4    2.0    9.7    2.0    7.8   19.4  967.1
10788 20210430  3    4.6    6.7   12.1   19.0   65.9    2.0   11.9    8.8    7.0    0.4  968.1
10788 20210429  3    7.3    9.3   12.9   17.1   64.9    2.0    9.6    0.1    7.9    0.2  964.5
10788 20210428  3   -3.5    0.1   11.8   19.8   55.1    2.0    7.3   11.5    5.0    0.0  963.1
10788 20210427  3   -3.5    0.5   10.0   16.3   54.2    2.0    7.6   13.1    3.8    0.0  966.4
10788 20210426  3   -3.5    0.5    9.5   14.3   53.8    2.0    8.0   12.4    3.1    0.0  973.7
10788 20210425  3   -0.4    2.9    9.1   14.6   53.2    2.0   10.6   13.0    2.8    0.0  977.7
10788 20210424  3   -5.1   -1.3    9.4   17.7   54.9    2.0    6.9   12.5    5.8    0.0  979.8
10788 20210423  3   -4.5   -2.0    7.9   15.6   54.4    2.0    7.5   12.8    0.1    0.0  982.5
10788 20210422  3   -1.7    3.4    9.0   14.3   61.2    2.0   11.0    9.5    3.7    0.0  977.1
10788 20210421  3    0.2    1.6    8.1   16.2   84.3    2.0    8.8    4.8    6.4    5.6  973.4
10788 20210420  3   -0.2    3.4    8.8   14.4   85.3    2.0    7.3    2.0    7.5    0.0  973.9
10788 20210419  3    2.5    3.4    7.3   12.2   80.8    2.0    9.7    1.9    7.8    4.6  975.4
10788 20210418  3    1.4    2.7    6.3   10.1   72.9    1.0    4.0    0.1    8.0    0.0  976.5
10788 20210417  3    2.8    3.2    5.4    9.1   71.8    2.0    7.2    0.3    7.8    0.0  977.7
10788 20210416  3   -3.7   -1.6    3.5    7.6   68.3    2.0    5.6    2.6    6.8    0.0  980.2
10788 20210415  3   -7.9   -4.3    2.2    7.6   66.2    2.0   10.6    5.1    4.9    0.0  981.9
10788 20210414  3   -5.4   -2.6    2.8    7.0   67.7    2.0    9.9    4.7    6.7    1.7  983.4
10788 20210413  3   -1.3    0.4    3.2    6.5   78.0    2.0   10.0    0.8    7.9    0.3  984.8
10788 20210412  3    0.7    1.1    4.4    9.8   87.3    2.0   11.9    0.0    7.0    5.5  979.3
10788 20210411  3   -1.1    1.4   11.4   20.4   62.6    2.0    7.2    5.7    6.4    0.1  968.6
10788 20210410  3    0.0    0.7    9.3   16.9   63.4    2.0    9.2    9.0    7.6    0.0  972.2
10788 20210409  3   -4.4   -2.3    5.5   14.8   64.8    3.0    9.0    6.3    6.3    0.0  975.9
10788 20210408  3   -6.2   -3.1    2.2    6.6   66.0    3.0   11.8    3.5    5.8    0.0  980.9
10788 20210407  3   -2.9   -1.7    1.0    5.4   73.7    3.0   16.2    5.6    6.9    0.7  972.5
10788 20210406  3   -5.2   -3.2    0.4    5.4   71.9    3.0   16.1    3.3    5.9    1.7  968.0
10788 20210405  3   -4.0   -2.0    5.3   14.1   60.9    2.0   17.0    5.9    6.5    2.1  966.2
10788 20210404  3   -4.0   -1.4    6.0   11.9   52.4    2.0    7.3   10.4    6.8    0.0  977.8
10788 20210403  3   -1.6    2.6    5.6    8.8   60.3    2.0    9.9    1.3    7.1    0.0  978.5
10788 20210402  3   -0.9    2.9    9.5   14.5   58.8    3.0    9.2   11.8    2.8    0.0  974.9
10788 20210401  3   -1.0    1.9   13.1   23.4   57.4    2.0   12.7    8.7    3.3    0.0  975.6
10788 20210331  3   -1.3    0.9   12.0   23.0   57.9    1.0    4.9   11.7    0.3    0.0  981.8
10788 20210330  3   -3.8   -0.4   10.8   21.6   56.8    1.0    4.0   11.6    1.1    0.0  988.6
10788 20210329  3   -2.5    0.9    9.8   19.4   58.9    2.0    9.0    9.3    6.7    0.0  989.5
10788 20210328  3   -0.3    1.3    8.0   14.3   58.1    2.0    7.6    8.9    7.2    0.0  987.7
10788 20210327  3    3.0    4.9    8.3   12.5   60.5    3.0   13.7    2.9    7.3    0.4  980.4
10788 20210326  3   -3.9   -0.8    8.8   16.9   65.5    2.0    6.1   11.1    2.6    0.0  977.8
10788 20210325  3   -6.2   -3.4    6.4   16.3   71.0    2.0    4.5   11.0    5.5    0.0  978.9
10788 20210324  3   -4.0   -1.3    6.0   11.9   69.0    2.0    5.3    7.7    3.5    0.0  981.8
10788 20210323  3   -2.0   -0.7    4.0    6.9   74.7    2.0    6.0    0.0    8.0    0.0  982.1
10788 20210322  3   -1.4    0.8    3.7    6.8   70.2    2.0    9.0    2.9    7.6    0.4  977.2
10788 20210321  3   -3.2   -2.9    0.5    3.0   80.8    2.0    9.0    0.0    7.8    0.4  976.2
10788 20210320  3   -8.8   -5.6   -1.1    2.5   62.9    3.0    9.0    7.0    4.9    0.0  981.2
10788 20210319  3   -5.2   -2.0    1.1    4.9   80.8    2.0   12.2    2.1    5.9    0.9  975.1
10788 20210318  3   -2.7   -0.6    2.1    6.6   73.7    2.0   10.3    5.6    6.8    0.0  977.3
10788 20210317  3   -0.1    0.9    2.6    6.1   76.5    2.0    8.7    3.3    7.2    0.1  977.5
10788 20210316  3   -2.5    1.3    3.5    6.3   74.8    3.0   11.2    1.4    7.4    0.0  975.7
10788 20210315  3   -0.7    1.4    3.5    5.9   83.4    3.0   14.2    0.4    7.0    2.9  968.9
10788 20210314  3   -2.0    0.2    3.8    6.9   80.5    3.0   14.1    3.5    6.3    0.8  967.3
10788 20210313  3    0.6    2.1    7.5   12.1   63.5    4.0   24.6    0.0    7.8    1.2  964.6
10788 20210312  3   -2.4    0.5    6.4   11.2   68.1    3.0   14.6    5.6    5.5    0.0  969.3
10788 20210311  3   -0.6    0.2    5.1   11.9   87.8    3.0   15.9    0.0    7.7    3.5  967.0
10788 20210310  3   -3.6   -1.1    2.5    7.4   84.0    2.0    6.2    1.6    7.3    2.1  976.2
10788 20210309  3   -7.9   -3.8    2.0    6.4   72.9    2.0    5.2    2.8    7.7    0.1  975.4
10788 20210308  3   -5.2   -3.0    1.3    6.8   72.0    2.0    7.0    7.6    4.5    0.0  977.0
10788 20210307  3  -11.7   -7.6    0.1    7.6   73.6    1.0    4.9    8.8    2.5    0.0  979.6
10788 20210306  3  -11.7   -6.7   -1.2    5.1   70.5    2.0    8.2   10.5    2.3    0.0  987.7
10788 20210305  3   -9.2   -5.3    2.4    7.2   78.0    3.0   11.6    0.2    5.5    0.5  979.2
10788 20210304  3   -1.5   -0.1    5.4   11.9   83.1    2.0    8.5    3.7    7.5    1.4  976.6
10788 20210303  3   -7.8   -4.6    1.8    8.5   91.5    1.0    3.6    0.3    6.3    0.0  986.8
10788 20210302  3   -7.6   -3.1    3.7   11.9   77.3    2.0    5.7   10.3    0.0    0.0  989.4
10788 20210301  3   -7.6   -3.5    4.0   13.0   75.9    2.0    5.6   10.3    0.0    0.0  989.1
10788 20210228  3   -7.9   -3.2    2.2    9.7   79.1    1.0    5.4   10.3    0.0    0.0  991.4
10788 20210227  3   -5.6   -2.2    4.5    9.3   72.6    2.0    9.7    9.5    1.4    0.0  992.0
10788 20210226  3   -4.9   -1.8    6.7   14.7   81.6    2.0   12.1    8.5    3.2    0.1  986.2
10788 20210225  3   -3.2   -1.1    5.8   14.9   85.4    2.0    3.9    8.4    1.8    0.0  987.7
10788 20210224  3   -4.0   -1.9    5.2   14.8   88.0    1.0    3.5    6.9    1.4    0.0  992.0
10788 20210223  3   -3.9   -2.0    4.4   12.9   88.8    1.0    4.6    6.1    2.7    0.0  991.7
10788 20210222  3   -3.1   -1.1    4.1    8.6   92.0    2.0    6.6    3.2    5.3    0.0  982.3
10788 20210221  3   -3.3    0.7    3.1    4.9   97.5    3.0    8.0    1.0    6.3    0.0  978.6
10788 20210220  3   -2.1    0.2    5.8   13.3   84.9    2.0    7.8    8.9    6.3    0.0  978.2
10788 20210219  3   -1.1    1.0    4.4    9.3   89.4    2.0    5.4    1.9    7.9    0.1  977.5
10788 20210218  3   -3.9   -1.7    4.0   10.2   84.8    2.0    9.6    7.3    7.8    0.0  976.2
10788 20210217  3   -0.3    0.5    3.6    9.0   91.1    2.0    9.3    0.9    7.6    0.6  977.7
10788 20210216  3   -2.3   -2.5    0.1    1.9   97.8    2.0    6.8    0.0    7.8    2.1  979.6
10788 20210215  3  -18.6  -12.7   -5.8   -0.8   81.3    2.0    8.1    5.7    6.6    2.4  990.1
10788 20210214  3  -18.6  -16.2   -9.8   -2.4   79.8    1.0    4.1    9.5    1.0    0.0  996.4
10788 20210213  3  -20.4  -16.6   -9.4   -1.9   73.5    1.0    3.8    9.4    0.0    0.0  993.2
10788 20210212  3  -20.1  -15.9   -9.4   -4.1   75.8    2.0    8.3    9.3    1.8    0.0  987.1
10788 20210211  3  -18.0  -14.3   -8.1   -4.1   78.4    2.0    8.5    3.8    4.7    0.0  981.3
10788 20210210  3   -8.5   -8.3   -3.9   -1.3   85.5    2.0    9.6    0.0    7.4    1.9  962.3
10788 20210209  3   -5.9   -4.1   -1.9    0.2   85.2    2.0    6.5    0.0    7.8    0.0  959.7
10788 20210208  3   -2.2   -1.2    0.0    2.0   91.9    2.0    8.1    0.3    7.6    1.7  954.2
10788 20210207  3   -1.4   -0.6    1.8    3.5   90.1    2.0    8.0    0.0    7.0    2.0  955.7
10788 20210206  3    2.0    3.1    5.0    7.4   94.3    2.0    6.8    0.2    6.9    0.0  965.6
10788 20210205  3    2.3    3.1    5.1    7.8   90.7    2.0    4.6    0.1    7.8    2.6  971.3
10788 20210204  3    0.7    2.7    6.8   10.4   72.3    3.0   19.5    5.5    5.8    0.7  971.8
10788 20210203  3    5.2    7.1    9.1   11.1   88.2    3.0   13.5    0.0    7.5    8.4  962.8
10788 20210202  3   -0.1    1.1    5.0    9.6   97.1    2.0    8.4    0.2    7.6    7.5  963.2
10788 20210201  3   -3.4   -1.8    0.1    1.7   87.1    3.0    8.5    0.1    7.6    2.3  955.9
10788 20210131  3   -5.1   -2.2   -0.6    1.1   81.4    3.0    7.4    2.8    6.9    0.0  959.7
10788 20210130  3   -1.2   -0.9    3.9    7.5   87.0    3.0   14.3    0.2    7.7    5.0  957.7
10788 20210129  3    1.3    1.9    6.9   11.3   85.3    3.0   21.2    1.7    7.5    5.5  957.7
10788 20210128  3   -0.4   -1.0    1.6    7.1   97.8    2.0   12.1    0.0    7.7   26.9  964.2
10788 20210127  3   -1.7   -6.4   -1.3    0.2   86.6    2.0    7.6    4.9    7.8    0.1  973.8
10788 20210126  3   -1.6   -2.3   -0.3    0.8   86.2    3.0   13.2    0.0    7.8    0.4  972.4
10788 20210125  3   -6.6  -10.3   -3.8   -0.3   89.0    1.0    4.2    0.1    6.9    0.4  961.8
10788 20210124  3   -4.2   -2.2    0.5    2.4   79.1    4.0   14.8    5.2    6.5    0.0  956.3
10788 20210123  3   -4.3   -2.6    1.2    3.5   88.8    3.0   13.0    0.0    7.8    1.1  954.0
10788 20210122  3    0.0    0.7    2.7    5.9   79.4    2.0    8.2    3.3    7.9    0.2  954.4
10788 20210121  3   -5.2   -7.4    0.3    4.1   83.1    2.0    8.4    2.4    8.0    0.0  962.0
10788 20210120  3   -3.1   -6.0   -0.1    2.9   94.5    3.0    7.3    4.2    8.0    0.0  968.3
10788 20210119  3   -5.1   -6.3   -0.2    2.1   84.6    2.0    6.7    1.5    7.9    5.3  975.3
10788 20210118  3   -2.6   -4.0   -0.6    2.4   87.7    2.0    9.9    0.5    7.5    0.8  980.2
10788 20210117  3   -9.6   -9.9   -4.5   -2.7   85.1    1.0    4.4    0.0    8.0    3.5  976.2
10788 20210116  3   -4.2   -4.1   -2.7   -1.9   80.3    2.0    7.2    0.1    7.9    0.4  980.6
10788 20210115  3  -13.2  -11.8   -3.6    0.3   86.2    2.0    6.2    1.8    7.0    0.0  978.3
10788 20210114  3   -5.7   -3.9   -0.2    1.5   77.5    2.0   11.4    0.1    7.9    0.0  972.6
10788 20210113  3   -2.7   -0.5    0.8    2.4   79.2    3.0   11.4    2.1    7.0    0.7  971.9
10788 20210112  3   -7.2   -7.4   -3.2    1.7   92.5    3.0    9.6    0.0    7.6    5.9  970.4
10788 20210111  3   -9.1   -8.7   -7.2   -6.2   94.1    2.0    4.1    0.0    8.0    0.0  979.7
10788 20210110  3  -12.6   -9.0   -3.9    0.1   89.2    1.0    3.4    1.1    7.1    0.0  979.8
10788 20210109  3  -12.1   -9.7   -2.1    1.2   87.8    2.0    4.2    2.6    5.2    0.0  977.4
10788 20210108  3   -6.7   -3.2   -0.8    1.1   90.1    2.0    5.4    0.2    7.6    0.1  972.1
10788 20210107  3   -3.5   -1.1    0.2    1.1   92.7    2.0    5.5    0.0    7.8    0.0  970.9
10788 20210106  3   -0.2    0.2    0.4    0.7   96.8    2.0    6.3    0.0    7.6    8.6  967.5
10788 20210105  3   -0.8   -0.6    0.2    1.1   94.9    1.0    3.4    0.0    8.0    0.1  968.4
10788 20210104  3   -1.2   -0.6   -0.2    0.3   87.0    2.0    5.3    0.0    8.0    0.0  969.8
10788 20210103  3   -1.3   -1.2   -0.6   -0.2   94.8    2.0    3.7    0.0    8.0    0.0  967.5
10788 20210102  3   -3.1   -2.9   -2.1   -1.1   95.7    2.0    5.1    0.0    7.8    0.4  968.1
10788 20210101  3   -7.1   -3.8   -1.3    1.6   91.3    1.0    3.8    4.5    7.3    0.0  965.5
10788 20201231  3   -7.2   -4.1   -0.2    3.0   89.8    2.0    6.2    6.4    4.2    0.0  965.0
10788 20201230  3   -7.5   -3.8   -0.3    3.5   94.1    1.0    3.6    5.5    4.5    0.0  962.3
10788 20201229  3   -4.4   -2.3    0.5    6.0   92.7    2.0    8.5    0.9    7.7    0.0  951.5
10788 20201228  3   -4.2   -3.2    0.0    3.2   88.2    2.0    7.6    0.0    7.4    2.4  942.1
10788 20201227  3   -8.8   -6.8   -2.9    0.9   82.1    3.0    9.0    5.6    7.2    0.0  961.3
10788 20201226  3   -6.9   -5.3   -0.5    2.0   74.4    2.0    6.8    3.8    5.7    0.0  980.9
10788 20201225  3   -2.3   -0.4    1.9    4.5   88.8    2.0    8.5    0.2    7.7    3.9  973.7
10788 20201224  3    2.6    4.3    7.2   10.1   87.9    2.0   13.1    1.7    7.3    9.5  968.7
10788 20201223  3    6.9    7.5    9.3   11.8   94.7    2.0    6.8    0.0    7.7   15.1  973.6
10788 20201222  3    1.9    1.9    5.7   11.5   96.4    2.0    7.3    0.0    7.8    0.8  976.7
10788 20201221  3    0.2    0.5    1.6    2.7   95.4    2.0    6.9    0.0    8.0    4.2  981.8
10788 20201220  3   -0.3   -0.3    0.2    0.7   96.7    3.0    7.4    0.0    8.0    0.0  981.2
10788 20201219  3   -0.3   -0.4    0.5    1.5   99.6    3.0    7.1    0.0    8.0    0.0  980.9
10788 20201218  3    1.0    1.0    1.9    3.3   99.0    2.0    6.2    0.0    8.0    0.0  983.6
10788 20201217  3    1.4    1.5    2.1    2.8   94.4    2.0    7.7    0.0    8.0    0.0  982.3
10788 20201216  3    1.0    1.5    2.6    4.4   93.5    2.0    7.0    0.0    8.0    0.0  977.8
10788 20201215  3    0.4    1.5    2.4    3.1   93.8    2.0    7.4    0.0    8.0    0.0  973.7
10788 20201214  3    2.7    2.8    4.0    5.2   93.6    3.0    8.1    0.0    7.9    0.0  973.5
10788 20201213  3    1.3    1.4    2.8    4.1   99.4    2.0    4.4    0.0    8.0    0.8  969.6
10788 20201212  3   -1.7   -0.3    1.5    2.8   92.5    2.0    7.7    0.0    8.0    0.8  959.3
10788 20201211  3   -0.2    0.0    0.6    1.4   91.8    3.0    8.9    0.0    8.0    0.0  960.1
10788 20201210  3    0.0    0.2    0.9    2.0   95.2    1.0    2.7    0.0    7.9    0.2  964.6
10788 20201209  3   -2.0   -0.1    0.7    3.0   96.5    2.0    4.4    0.0    7.9    2.7  964.8
10788 20201208  3   -8.0   -4.9   -1.0    3.3   93.3    1.0    3.7    0.0    6.5    0.0  960.4
10788 20201207  3   -6.8   -4.1    1.3    4.0   90.8    1.0    4.8    0.0    5.8    0.0  959.5
10788 20201206  3   -5.4   -3.3    1.5   11.0   90.7    2.0    8.3    1.0    7.2    0.0  955.7
10788 20201205  3   -5.1   -2.4    1.8    6.1   83.8    2.0    8.4    1.2    7.0    0.0  956.2
10788 20201204  3   -5.9   -4.1    0.3    5.4   80.5    3.0   11.1    2.9    6.8    0.0  951.5
10788 20201203  3   -5.8   -4.2   -1.8    0.4   85.8    3.0    9.4    1.9    4.4    0.0  964.7
10788 20201202  3   -4.1   -3.2   -1.6    0.3   85.8    2.0    5.3    3.4    7.3    0.0  973.3
10788 20201201  3   -2.2   -2.1   -1.2   -0.2   92.4    2.0    7.4    0.0    7.8    0.3  975.3
10788 20201130  3   -9.3   -6.0   -2.0    3.1   88.0    1.0    4.7    7.7    2.7    0.0  982.0
10788 20201129  3   -9.2   -6.3   -2.0    1.7   91.8    1.0    2.9    7.7    1.8    0.0  980.9
10788 20201128  3   -3.5   -2.1   -1.4   -0.6   99.6    1.0    4.4    0.0    8.0    0.0  978.7
10788 20201127  3   -1.8   -2.2   -1.7   -1.2   98.9    2.0    5.3    0.0    8.0    0.0  979.9
10788 20201126  3   -1.4   -1.7   -0.9   -0.4   97.6    2.0    4.5    0.0    8.0    0.0  981.5
10788 20201125  3   -0.4   -0.5    0.7    1.6   96.8    2.0    6.0    0.0    8.0    0.0  980.2
10788 20201124  3    1.4    1.2    2.3    3.8   97.2    2.0    6.0    0.0    8.0    0.0  983.9
10788 20201123  3   -1.9    0.6    2.9    4.1   97.5    1.0    3.7    0.0    7.9    1.3  986.2
10788 20201122  3   -7.5   -4.0    0.7    4.5   87.1    1.0    4.8    6.5    5.0    0.0  986.3
10788 20201121  3   -6.7   -3.3    0.2    4.5   92.4    2.0    6.0    4.9    5.0    0.0  991.2
10788 20201120  3   -2.4   -0.3    3.7    6.6   80.3    2.0    8.3    5.3    4.7    0.0  989.0
10788 20201119  3   -2.3   -0.4    4.7    7.5   92.0    2.0    9.0    1.7    5.8    2.4  981.1
10788 20201118  3   -3.4   -0.8    4.1   10.9   92.3    2.0    5.4    8.1    4.2    0.0  984.8
10788 20201117  3   -1.0    1.2    7.3   12.3   85.6    2.0    6.2    5.0    7.5    0.0  985.8
10788 20201116  3    4.0    4.1    6.8   11.3   90.6    2.0    7.9    0.6    7.6    1.1  977.0
10788 20201115  3   -1.0    1.5    4.1    5.8   98.1    3.0   10.8    0.0    7.5    0.7  975.1
10788 20201114  3   -0.8    2.0    7.1   12.6   90.2    2.0    7.9    7.6    6.8    0.0  979.5
10788 20201113  3    2.6    4.9    6.9    9.8   94.2    2.0    6.0    1.0    7.9    0.1  980.3
10788 20201112  3    5.1    5.0    5.8    6.6   95.6    2.0    5.6    0.0    8.0    0.0  980.8
10788 20201111  3    5.1    5.3    5.8    6.8   92.6    2.0    4.3    0.0    7.9    0.0  983.9
10788 20201110  3    3.3    3.2    5.0    6.2   97.8    2.0    5.5    0.0    7.9    0.2  985.0
10788 20201109  3    1.0    0.8    2.2    3.5  100.0    2.0    5.4    0.0    8.0    0.1  983.8
10788 20201108  3   -3.1   -1.8    0.9    3.7   99.8    1.0    3.6    0.0    7.9    0.0  983.4
10788 20201107  3   -5.4   -3.1    2.4    9.5   88.0    1.0    3.9    8.7    0.0    0.0  985.5
10788 20201106  3   -4.3   -2.0    2.4    9.0   89.5    1.0    2.7    6.1    2.0    0.0  990.5
10788 20201105  3   -2.4   -0.2    6.9   11.1   83.9    1.0    3.9    5.2    4.5    0.0  992.6
10788 20201104  3    6.5    7.5    9.1   10.1   89.2    1.0    3.9    0.0    7.9    0.0  987.2
10788 20201103  3    8.4    8.9   12.3   14.2   87.1    2.0    8.9    0.0    7.9    7.1  980.4
10788 20201102  3   10.4   10.5   14.0   19.8   93.5    2.0    5.1    0.2    7.9    0.0  976.2
10788 20201101  3    1.0    3.2    8.0   10.5   98.2    2.0    5.3    0.0    7.4    9.0  977.9
10788 20201031  3    2.5    5.9   10.7   13.6   84.1    2.0    5.5    2.4    6.0    0.0  981.5
10788 20201030  3    8.3    8.9   11.5   13.0   85.8    3.0   10.3    0.0    8.0    0.6  980.7
10788 20201029  3    6.4    6.9    8.7   11.9   90.2    2.0   11.9    1.2    7.3    9.9  976.9
10788 20201028  3   -0.2    2.0    5.4    9.1   95.9    2.0    7.2    1.3    6.9    2.2  973.6
10788 20201027  3    1.3    3.5    6.5    9.9   91.6    2.0    6.6    1.4    5.7    0.2  970.9
10788 20201026  3    5.0    5.8    9.0   10.9   93.3    3.0    8.3    0.0    7.8    4.3  964.2
10788 20201025  3    3.0    5.4    8.7   12.9   96.1    2.0    7.1    2.0    7.1    0.0  969.4
10788 20201024  3    3.5    5.5   11.9   15.8   90.6    2.0    6.6    0.3    5.8    0.2  975.0
10788 20201023  3    8.0    8.4   12.4   16.8   90.7    2.0    6.5    2.4    7.9    6.1  973.5
10788 20201022  3    4.0    5.1    9.0   14.1   92.7    2.0    5.6    2.2    7.5    0.6  976.2
10788 20201021  3    3.0    4.2    9.0   14.5   85.5    2.0    7.5    5.2    7.7    0.0  971.9
10788 20201020  3   -1.2    1.1    5.4    9.8   93.1    2.0    7.9    1.8    7.8    0.0  976.1
10788 20201019  3   -2.3    0.9    6.3   10.9   84.8    1.0    5.0    2.6    6.8    0.0  981.0
10788 20201018  3    1.5    3.1    7.2   11.6   85.3    2.0    6.4    4.0    5.7    0.0  979.6
10788 20201017  3    5.3    6.0    7.6   11.2   87.6    2.0    6.0    0.7    8.0    1.0  975.5
10788 20201016  3    5.9    6.6    8.8    9.9   90.3    2.0    6.8    0.0    7.9    2.1  973.0
10788 20201015  3    5.9    6.3    8.3   10.6   89.3    1.0    4.8    0.0    7.8    3.2  970.9
10788 20201014  3    4.6    5.7    6.6    7.6   91.0    3.0   10.9    0.0    7.6    4.9  968.3
10788 20201013  3    4.4    5.4    7.4   10.6   83.3    2.0    7.3    3.2    7.5    0.9  970.7
10788 20201012  3    2.4    4.2    7.2   10.5   86.3    2.0    8.4    1.8    7.5    1.3  976.1
10788 20201011  3    5.1    6.1    7.8    9.6   85.0    1.0    4.6    0.0    7.8    0.0  977.4
10788 20201010  3    5.0    5.6   10.4   12.6   93.2    2.0    7.6    0.0    7.7    6.5  978.0
10788 20201009  3    9.1   10.0   13.3   17.6   83.1    2.0    4.8    3.6    7.9    0.0  978.4
10788 20201008  3    5.6    7.4   12.3   17.4   76.7    2.0    8.8    6.1    7.0    0.0  979.5
10788 20201007  3    8.1    9.2   11.1   13.7   84.6    3.0   10.2    0.5    7.8    2.7  972.2
10788 20201006  3    7.2    9.7   12.0   16.1   78.8    3.0   11.4    1.7    7.5    5.4  967.4
10788 20201005  3    6.4    8.2   11.4   15.8   78.5    2.0    8.5    2.0    7.5    1.7  964.7
10788 20201004  3    4.5    6.8   11.1   17.1   80.3    2.0    8.6    7.4    5.6    0.0  959.7
10788 20201003  3    3.7    6.9   14.2   18.6   73.9    3.0   12.8    0.8    7.3    0.0  951.9
10788 20201002  3    6.9    8.5   15.0   20.7   76.0    3.0   11.8    4.4    7.8    0.0  955.5
10788 20201001  3    5.5    5.7   10.9   18.1   89.6    1.0    4.7    5.4    7.7    0.0  965.4
10788 20200930  3    2.7    5.2   11.8   16.0   85.8    1.0    3.8    2.6    5.8    0.2  974.0
10788 20200929  3    4.8    6.9   11.7   17.3   83.1    2.0    7.2    8.6    4.9    0.4  975.2
10788 20200928  3    1.8    2.9    8.1   10.9   90.8    2.0    4.7    0.0    7.5    3.0  969.4
10788 20200927  3    1.4    3.4    9.5   15.6   75.9    2.0    8.7    7.8    3.7    0.0  963.6
10788 20200926  3    6.4    7.0    7.6    8.4   91.2    3.0   11.1    0.0    7.7   16.4  957.6
10788 20200925  3    6.7    7.0   10.7   16.1   90.6    2.0   11.6    0.0    7.6   20.5  959.4
10788 20200924  3    9.8   10.5   15.3   20.4   88.0    2.0   10.1    4.0    7.5    9.4  965.9
10788 20200923  3    9.9   11.8   15.0   17.5   94.3    2.0    6.0    0.1    7.5   31.1  967.0
10788 20200922  3    6.6    8.6   16.2   24.6   78.7    1.0    5.4    9.6    3.6    3.2  970.4
10788 20200921  3    4.0    6.6   15.0   23.9   73.0    1.0    3.9   11.1    0.3    0.0  974.0
10788 20200920  3    1.3    4.3   13.4   22.5   72.4    1.0    5.1   11.2    0.0    0.0  973.9
10788 20200919  3    0.1    2.9   12.7   22.5   66.8    2.0    5.5   11.1    3.2    0.0  977.4
10788 20200918  3    2.3    6.3   14.5   21.2   58.6    3.0    9.2   11.2    0.8    0.0  982.5
10788 20200917  3   10.7   12.7   17.7   21.4   75.3    2.0    9.1    2.6    6.5    1.0  980.3
10788 20200916  3    9.0   11.3   19.9   28.0   72.7    2.0    4.8   10.7    2.4    0.1  976.7
10788 20200915  3    6.9   10.1   18.8   27.5   74.7    2.0    5.8   11.6    1.5    0.0  979.6
10788 20200914  3    7.7    9.9   19.6   30.0   67.1    2.0    8.2   11.6    4.1    0.0  983.8
10788 20200913  3    7.7   10.0   18.3   26.8   73.4    1.0    4.3   11.3    4.0    0.0  984.3
10788 20200912  3    8.3    9.8   18.1   26.4   74.9    1.0    5.0   10.0    0.9    0.0  978.4
10788 20200911  3    8.1   10.2   17.3   24.7   78.3    2.0    6.1   10.0    3.5    0.0  975.6
10788 20200910  3    6.5    8.8   16.1   23.5   79.3    1.0    5.7    3.5    7.3    0.0  977.8
10788 20200909  3    4.2    6.2   16.0   25.4   71.5    2.0    5.6   11.7    0.3    0.0  980.9
10788 20200908  3    4.0    6.3   14.4   22.9   74.6    1.0    6.7    9.9    1.4    0.0  985.0
10788 20200907  3    5.9    8.2   14.8   20.4   72.6    2.0    7.3    5.8    4.9    0.0  980.8
10788 20200906  3   12.3   13.7   17.2   20.7   63.6    2.0    6.0    6.4    6.5    0.0  976.2
10788 20200905  3   10.6   13.3   20.5   27.6   70.0    2.0    9.3    7.1    5.7    0.0  975.5
10788 20200904  3   12.8   14.6   19.7   27.0   69.8    1.0    6.0    9.0    5.2    0.0  981.8
10788 20200903  3    3.8    5.8   14.7   21.7   73.6    2.0    5.6    8.8    4.8    0.0  980.4
10788 20200902  3    6.5    8.4   13.4   19.2   77.3    1.0    5.4    6.4    7.3    0.0  976.1
10788 20200901  3    8.7   10.8   14.3   18.9   85.1    2.0    7.5    1.1    8.0    0.4  973.7
10788 20200831  3   11.0   12.1   14.9   18.3   78.8    2.0    8.6    1.3    7.7    1.4  974.6
10788 20200830  3   12.7   13.4   15.0   17.1   90.0    2.0   12.3    0.2    7.5    3.9  965.4
10788 20200829  3   13.7   14.1   15.5   17.4   90.5    2.0    7.7    0.1    7.6    5.4  966.3
10788 20200828  3    9.3   12.0   17.8   28.1   75.0    3.0   15.1    5.9    6.3   20.8  966.0
10788 20200827  3    6.9   10.4   16.9   23.2   60.3    2.0    7.6    8.0    3.8    0.0  974.5
10788 20200826  3   12.4   14.7   21.4   27.9   51.1    3.0   17.5   12.0    3.6    0.0  970.8
10788 20200825  3    6.6    8.3   17.3   24.4   66.6    2.0    7.7    9.5    4.3    0.0  973.0
10788 20200824  3    7.1    8.8   16.7   23.2   66.4    2.0    7.6    6.6    5.4    0.0  975.5
10788 20200823  3   10.3   11.6   18.5   24.8   75.8    2.0   13.9    5.3    6.0    0.1  976.2
10788 20200822  3   14.7   16.3   20.7   25.8   80.5    2.0   11.7    1.1    7.7    4.1  975.8
10788 20200821  3   12.1   14.6   24.3   33.3   62.1    2.0    8.3   12.6    0.3    0.0  972.3
10788 20200820  3    9.7   12.5   21.1   29.3   66.1    2.0    7.6   11.9    2.4    0.0  971.3
10788 20200819  3   10.8   13.2   19.2   25.4   69.6    2.0    6.2   12.5    4.7    0.0  970.9
10788 20200818  3   12.6   14.2   19.0   23.3   79.4    2.0    8.4    5.4    7.5    1.9  970.3
10788 20200817  3   11.6   13.4   19.7   25.8   76.6    2.0    9.7    4.8    7.1    0.0  969.9
10788 20200816  3   13.8   15.1   21.3   27.6   76.9    2.0    7.3    9.3    4.5    0.0  971.1
10788 20200815  3   14.6   16.9   20.2   25.2   85.5    2.0    9.0    2.0    7.8    0.1  972.8
10788 20200814  3   14.9   16.0   20.8   27.7   79.5    2.0    7.9    4.6    7.9    4.5  972.8
10788 20200813  3   12.1   14.2   21.1   30.0   76.4    2.0   16.1    7.6    5.9    2.1  973.2
10788 20200812  3   13.6   15.2   23.4   30.3   62.4    2.0    8.6   13.2    1.4    0.0  975.1
10788 20200811  3   14.0   16.0   23.1   29.7   67.8    2.0   11.8   11.0    5.3    0.0  975.5
10788 20200810  3   13.2   15.0   23.7   31.2   66.3    2.0    8.3   13.2    1.5    0.0  973.8
10788 20200809  3   12.2   13.7   23.3   31.2   63.6    1.0    4.0   13.3    0.0    0.0  976.4
10788 20200808  3   11.8   13.2   23.0   31.3   62.6    2.0    8.0   13.3    0.3    0.0  978.4
10788 20200807  3   12.2   13.9   22.1   29.2   66.9    2.0    9.4   13.4    0.0    0.0  979.0
10788 20200806  3    8.8   10.4   19.9   27.5   70.4    1.0    5.9   13.5    0.0    0.0  978.7
10788 20200805  3    7.6    9.1   16.4   23.2   78.0    1.0    6.4    7.5    3.8    0.0  977.9
10788 20200804  3   10.0   11.8   14.9   17.3   85.0    2.0    9.2    0.2    7.8    7.6  972.2
10788 20200803  3   14.3   15.0   17.9   20.2   83.6    2.0    7.9    0.0    7.8   22.9  968.3
10788 20200802  3   15.3   17.5   20.9   25.4   77.7    2.0   12.5    1.8    7.5   11.3  971.6
10788 20200801  3   10.6   12.5   24.2   33.1   55.9    2.0    8.5   11.7    2.8    0.0  972.8
10788 20200731  3   10.1   12.3   22.8   32.3   55.3    1.0    6.0   13.8    0.4    0.0  975.4
10788 20200730  3    8.6   10.5   20.9   29.5   60.6    1.0    6.2   13.8    0.2    0.0  977.3
10788 20200729  3   10.6   11.8   21.0   27.1   55.0    2.0    8.8   13.9    3.5    0.0  976.8
10788 20200728  3   14.1   16.0   22.7   32.4   68.9    2.0   11.3    8.8    2.8    0.8  971.6
10788 20200727  3   12.0   12.1   18.9   25.8   75.2    2.0    6.8   11.2    5.9    0.0  975.5
10788 20200726  3   11.7   13.0   17.4   24.4   83.9    2.0   11.8    2.8    7.4    7.9  973.2
10788 20200725  3   10.4   12.3   19.6   26.7   67.9    2.0    8.0    7.7    5.5    0.0  972.3
10788 20200724  3    9.9   11.0   19.8   27.5   64.3    2.0    6.4    7.5    7.3    0.0  970.5
10788 20200723  3    8.7   10.0   19.8   27.8   56.2    2.0   10.2   12.5    3.5    0.0  973.2
10788 20200722  3   10.4   11.4   20.1   26.9   52.2    2.0    6.8   14.1    1.7    0.0  977.4
10788 20200721  3   10.9   12.7   21.3   28.6   61.5    2.0    7.8   11.3    2.7    0.3  977.0
10788 20200720  3   12.9   14.0   22.1   29.1   63.4    2.0    7.2   13.0    4.2    0.0  974.6
10788 20200719  3   10.6   11.7   18.7   25.6   77.5    2.0    5.6    7.0    6.6    0.0  974.9
10788 20200718  3   11.0   12.3   17.2   21.1   72.3    2.0    6.9    3.5    7.0    0.1  977.0
10788 20200717  3   11.3   12.2   16.0   20.7   74.1    2.0    6.5    4.0    6.6    0.0  976.9
10788 20200716  3   11.7   12.4   14.3   15.6   90.6    2.0    5.6    0.0    7.9   10.0  975.1
10788 20200715  3    7.9    9.5   15.8   21.2   77.8    2.0    8.7    1.2    7.9    0.8  971.9
10788 20200714  3    6.6   10.1   17.6   24.8   58.0    2.0    5.3   14.3    5.9    0.0  973.9
10788 20200713  3    5.5    7.8   16.8   23.2   63.3    2.0    7.4   13.9    6.5    0.0  979.9
10788 20200712  3    7.6    9.0   16.2   22.3   69.4    1.0    5.4   11.0    4.3    0.0  983.1
10788 20200711  3    8.6   11.0   16.3   20.0   79.5    2.0    8.7    3.8    6.1    5.2  978.9
10788 20200710  3   11.2   13.3   22.7   31.6   64.4    2.0   10.0   10.7    3.6    4.2  971.6
10788 20200709  3   13.4   14.4   20.8   28.2   67.5    2.0    8.5    9.6    5.0    0.0  974.6
10788 20200708  3    7.1    8.4   16.6   24.1   69.8    2.0    9.2    5.6    6.8    0.0  975.4
10788 20200707  3    5.0    7.1   15.0   21.0   61.5    2.0    6.2   11.4    1.6    0.0  978.0
10788 20200706  3    9.4   11.8   18.2   22.8   66.9    3.0   11.1    7.0    3.0    0.3  973.4
10788 20200705  3   11.6   13.3   21.0   27.7   69.3    2.0    8.8    5.7    5.5    0.0  974.9
10788 20200704  3    8.2    9.7   18.3   25.2   66.9    2.0   10.5   13.1    2.4    0.0  977.3
10788 20200703  3    9.9   11.6   18.1   23.0   68.0    2.0    7.5    9.5    4.0    0.0  976.0
10788 20200702  3   14.8   15.4   18.7   23.9   85.7    2.0   11.6    4.1    7.1   21.0  971.3
10788 20200701  3   10.1   11.1   21.1   29.1   69.3    2.0   12.5   12.8    2.5    1.9  969.6
10788 20200630  3   10.4   12.0   19.0   25.1   65.8    2.0    8.7   10.9    2.8    0.0  971.6
10788 20200629  3   12.7   14.1   17.3   22.4   82.4    2.0    8.0    3.8    6.6    4.6  972.6
10788 20200628  3   12.7   15.0   21.8   28.6   72.0    2.0    8.7   12.4    5.4   11.3  973.8
10788 20200627  3   13.5   14.9   21.8   29.6   70.8    2.0    7.3   11.2    4.7    0.0  972.6
10788 20200626  3    7.6    9.3   18.4   25.5   71.9    2.0    8.4   12.9    2.5    0.0  973.3
10788 20200625  3    7.3    8.9   16.6   23.5   70.9    2.0   10.0   12.2    3.8    0.0  977.5
10788 20200624  3    7.7    9.8   18.4   24.8   59.5    2.0    8.8    9.7    3.0    0.0  980.0
10788 20200623  3   10.5   11.7   19.8   25.3   60.2    2.0    7.2   12.5    1.0    0.0  981.3
10788 20200622  3    8.7   12.2   19.6   26.2   67.5    2.0    9.8    8.7    3.9    0.0  980.1
10788 20200621  3   10.6   12.5   18.0   22.2   70.5    2.0    8.4    6.4    6.7    0.0  977.8
10788 20200620  3   12.7   13.2   15.6   20.7   83.8    2.0    8.3    1.6    7.6    0.9  977.3
10788 20200619  3    6.7    8.6   14.1   19.4   88.2    2.0    9.0    2.3    6.4   20.0  974.4
10788 20200618  3    8.4    9.8   15.8   19.9   81.5    2.0   10.0    4.6    6.3    0.9  971.3
10788 20200617  3   13.7   14.3   18.5   24.6   79.0    2.0   13.9    9.1    6.8   23.1  968.8
10788 20200616  3   14.1   14.4   17.3   21.9   83.0    2.0    6.3    0.8    7.9    0.2  973.1
10788 20200615  3   13.6   13.8   15.5   17.6   91.3    2.0    8.5    0.0    7.8    4.8  973.1
10788 20200614  3   14.0   14.4   16.4   19.6   88.1    3.0   13.7    0.0    7.8   18.6  970.0
10788 20200613  3    9.7   11.1   20.8   27.9   70.3    2.0    6.5   14.6    0.3    4.1  966.7
10788 20200612  3    7.1    8.5   19.1   27.0   67.6    2.0    9.0   14.7    0.0    0.0  966.3
10788 20200611  3    8.8   10.5   16.1   21.6   78.5    1.0    5.1    5.4    5.0    0.0  967.2
10788 20200610  3   11.5   12.3   13.7   15.9   90.4    2.0    5.0    0.0    7.9    0.7  968.9
10788 20200609  3   11.3   11.9   13.2   14.8   91.3    2.0    5.7    0.0    7.7   13.9  970.9
10788 20200608  3    6.5    8.4   12.5   16.1   79.7    2.0    4.8    0.0    7.9    2.1  971.7
10788 20200607  3    5.9    8.6   11.8   15.0   92.0    2.0    9.5    0.0    7.8    7.1  967.4
10788 20200606  3   10.3   10.9   14.9   19.9   78.3    2.0   12.6    1.1    7.8    5.3  963.8
10788 20200605  3   11.2   12.0   14.1   18.2   72.5    3.0    9.6    2.8    6.6    0.1  958.4
10788 20200604  3   10.0   11.6   16.2   21.8   71.8    2.0   10.3    0.8    7.9    6.2  956.3
10788 20200603  3    4.9    8.5   18.2   26.1   54.4    2.0    5.6   12.3    7.7    0.0  964.3
10788 20200602  3    3.4    6.3   16.7   24.5   54.5    2.0    8.3   14.2    0.3    0.0  974.0
10788 20200601  3    1.5    5.8   15.6   23.4   61.7    2.0    8.8   14.3    0.4    0.0  978.1